3.41736787192746
2.77347835471318
3.03510528689193
2.86972738914011
3.37380505187912
3.08096771660551
2.86433474104356
2.87860330336941
3.47406168499396
2.75898938411945
3.00268162676308
3.2559023034355
2.39501092749255
3.20226470955727
2.99552101664228
2.53077326426157
2.48093435924804
2.96560787580848
3.12066525434771
2.60357521729663
2.89167775508784
2.88919066820595
2.68664042960086
3.06946275347959
3.16517893600843
2.89075271229055
3.28925050875973
3.04447985450382
2.81763515075668
3.11628272832853
3.00219533347725
3.22007360970221
3.24645610439253
3.06945983997926
2.79102687675509
3.10902562757384
3.04299862135799
3.20123978389783
2.79257452719443
3.55579609238367
2.59630492345747
2.90564661785278
2.77499642674369
3.28125432273428
2.83295926012691
3.17659699971926
2.67796206435476
2.80684504594361
2.54814559074861
3.54276088960125
5.47501139942168
4.83076028465796
4.21262206515825
4.57511498365487
4.53877271745122
4.96972515441253
4.52004623244254
3.63265033227447
4.51549484043411
5.60856542200318
4.53791069210732
4.76098345111617
4.42571411118815
4.82427750191812
4.83338191976624
5.83226500604476
4.86491988180416
4.93336432170123
4.62799136369978
4.92897428769654
5.15565821921423
4.82347313779992
4.2602828802175
4.63253272257736
4.60616347974004
5.26717600328871
3.9286725521715
4.2733324685707
4.05181587159003
3.60185192809134
6.18532974457615
4.1978254258111
3.77325457318323
4.90062900363342
4.64020217508134
5.83047575655576
4.55696714943278
5.30845429207517
4.41109584397655
4.77855628562641
4.00042810609405
5.39181242420663
5.58779837794072
4.44567838540526
4.75208412823301
4.41260486975698
4.83885582248186
4.77658932988597
5.66998774001056
5.2225740574749
