Iteration	start_1	end_1	start_2	end_2	start_3	end_3	start_4	end_4	start_5	end_5	start_6	end_6	start_7	end_7	start_8	end_8	start_9	end_9	start_10	end_10	start_11	end_11	start_12	end_12	start_13	end_13	start_14	end_14	start_15	end_15	start_16	end_16	start_17	end_17	start_18	end_18	start_19	end_19	start_20	end_20	start_21	end_21	start_22	end_22	start_23	end_23	start_24	end_24	start_25	end_25	start_26	end_26	start_27	end_27	start_28	end_28	start_29	end_29	start_30	end_30	start_31	end_31	start_32	end_32	start_33	end_33	start_34	end_34	start_35	end_35	start_36	end_36	start_37	end_37	start_38	end_38	start_39	end_39	start_40	end_40	start_41	end_41	start_42	end_42	start_43	end_43	start_44	end_44	start_45	end_45	start_46	end_46	start_47	end_47	start_48	end_48	start_49	end_49	start_50	end_50	start_51	end_51
0	6	6	6	6	6	6	4	4	3	3	3	3	4	4	4	37	4	4	2	37	2	2	2	2	2	2	2	19	2	2	2	2	12	77	3	12	81	77	2	2	4	4	2	2	4	16	4	21	37	77	24	2	4	4	2	37	2	24	2	15	81	81	50	81	2	12	2	2	2	2	2	2	2	2	2	2	4	4	3	3	16	16	16	16	16	16	2	37	2	2	2	2	50	50	6	50	6	6	6	6	6	6
10	6	6	6	6	6	6	3	4	3	3	3	3	4	4	37	37	4	4	2	37	2	2	2	2	2	2	2	19	2	2	2	2	37	77	3	12	19	77	2	2	15	4	2	2	4	16	4	21	15	77	2	2	4	4	2	15	2	2	15	15	2	19	2	15	2	37	2	2	2	2	2	2	2	2	2	2	37	37	3	3	3	3	37	37	87	37	87	87	87	87	56	87	24	56	6	24	6	6	6	6	6	6
20	6	6	6	6	6	6	3	4	3	3	3	3	4	4	37	37	4	4	2	37	2	2	2	2	2	2	19	19	2	2	2	2	37	77	2	12	12	77	2	2	4	4	2	2	16	16	4	21	37	77	2	2	3	16	9	37	2	9	2	15	12	12	12	12	2	37	2	2	2	19	2	2	2	2	2	2	37	37	3	3	3	3	37	37	15	37	2	15	2	2	2	2	24	12	6	24	6	6	6	6	6	6
30	6	6	6	6	6	6	4	4	3	3	3	3	4	4	37	37	4	4	2	37	2	2	2	2	2	2	2	19	2	2	2	2	37	77	2	12	2	77	2	2	4	4	2	2	16	16	4	21	12	77	2	2	3	16	2	12	2	2	15	15	2	2	15	15	2	37	2	2	2	2	2	2	2	2	2	2	37	37	3	3	3	16	37	37	37	37	12	37	2	12	2	2	24	15	6	24	6	6	6	6	6	6
40	6	6	6	6	6	6	16	4	3	3	3	3	4	4	37	37	4	4	2	37	2	2	2	2	2	2	2	19	2	2	2	2	77	77	2	12	46	77	2	2	2	4	2	2	4	16	4	21	37	77	2	2	4	4	37	37	2	37	2	2	46	46	2	46	2	77	2	2	2	2	2	2	2	2	2	2	37	37	3	3	3	16	37	37	37	37	37	37	37	37	37	37	6	37	6	24	6	6	6	6	6	6
50	6	6	6	6	6	6	3	4	3	3	3	3	4	4	37	37	4	4	2	37	2	2	2	2	2	2	2	19	2	2	2	2	2	77	2	12	2	77	2	2	2	4	2	2	4	16	4	21	77	77	2	2	4	4	77	77	53	77	2	2	2	2	2	2	2	2	2	2	2	2	2	2	2	2	2	2	37	37	3	3	3	3	37	37	37	37	15	37	15	15	15	15	2	15	6	53	6	6	6	6	6	6
60	6	6	6	6	6	6	16	4	3	3	3	3	4	4	37	37	4	4	2	37	2	2	2	2	2	2	2	19	2	2	2	2	77	77	3	12	2	77	2	2	2	4	2	2	4	16	4	21	15	77	2	2	4	4	24	15	24	24	2	2	2	2	2	2	2	77	2	2	2	2	2	2	2	2	2	2	37	37	3	3	3	16	37	37	37	37	53	37	53	53	53	53	6	53	6	24	6	6	6	6	6	6
70	6	6	6	6	6	6	3	4	3	3	3	3	4	4	37	37	4	4	2	37	2	2	2	2	2	2	2	19	2	2	2	2	12	77	2	12	2	77	2	2	15	4	2	2	3	16	3	21	6	77	6	2	6	3	6	6	6	6	2	15	2	2	24	2	2	12	2	2	2	2	2	2	2	2	2	2	37	37	3	3	3	3	37	37	37	37	2	37	2	2	2	2	6	24	6	6	6	6	6	6	6	6
80	6	6	6	6	6	6	3	4	3	3	3	3	4	4	37	37	4	4	37	37	2	2	2	2	2	2	2	19	2	2	2	2	46	77	2	12	2	77	2	2	4	4	2	2	4	16	4	21	56	77	2	2	4	4	24	56	24	24	2	15	2	2	2	2	2	46	2	2	2	2	37	37	37	37	37	37	16	37	3	3	3	3	16	16	3	16	2	37	2	2	2	2	2	2	6	24	6	6	6	6	6	6
90	6	6	6	6	6	6	4	4	3	3	3	3	21	4	5	37	4	4	37	37	2	2	2	2	2	2	2	19	2	2	2	2	2	77	2	12	2	77	2	2	46	4	2	2	16	16	4	21	12	77	2	2	3	16	2	12	2	2	90	46	2	2	50	90	2	2	2	2	2	2	77	37	77	77	77	77	4	21	3	3	4	16	4	4	4	4	15	77	2	15	2	2	24	50	6	24	6	6	6	6	6	6
100	6	6	6	6	6	6	4	4	3	3	3	3	4	4	37	37	4	4	15	37	2	2	2	2	2	2	2	19	2	2	2	2	15	77	2	12	2	77	2	2	4	4	2	2	4	16	4	21	37	77	2	2	4	4	2	37	2	2	15	15	2	2	15	15	2	15	2	2	2	2	15	15	2	15	2	2	37	37	3	3	3	16	37	37	2	37	2	2	2	2	2	2	2	15	6	2	6	6	6	6	6	6
110	6	6	6	6	6	6	4	4	3	3	3	3	4	4	37	37	4	4	2	37	2	2	2	2	2	2	2	19	2	2	2	2	77	77	2	12	19	77	2	2	4	4	2	2	4	16	4	21	37	77	2	2	4	4	2	37	2	2	2	15	2	19	2	2	24	77	2	2	2	2	2	2	2	2	2	2	37	37	3	3	3	16	37	37	37	37	12	37	2	12	24	24	24	24	6	24	6	6	6	6	6	6
120	6	6	6	6	6	6	16	4	3	3	3	3	4	4	37	37	4	4	37	37	2	2	2	2	2	2	19	19	2	2	2	2	2	77	2	12	2	77	2	2	2	4	2	2	16	16	4	21	12	77	2	2	3	16	2	12	24	2	2	2	2	2	2	2	2	2	2	2	19	19	2	37	2	19	2	2	37	37	3	3	3	16	37	37	37	37	2	37	2	2	2	2	2	2	6	24	6	6	6	6	6	6
130	6	6	6	6	6	6	3	4	3	3	3	3	4	4	87	37	4	4	2	37	2	2	2	2	2	2	2	19	2	2	2	2	77	77	2	12	2	77	2	2	15	4	2	2	4	16	4	21	77	77	2	2	4	4	37	77	2	37	2	15	2	2	2	2	2	77	2	2	2	2	2	2	2	2	2	2	87	87	3	3	3	3	87	87	87	87	87	87	87	87	87	87	24	87	6	24	6	6	6	6	6	6
140	6	6	6	6	6	6	4	4	3	3	3	3	4	4	37	37	4	4	12	37	2	2	2	2	2	2	2	19	2	2	2	2	46	77	2	12	2	77	2	2	4	4	15	2	4	16	21	21	15	77	2	2	4	21	24	15	6	24	2	15	2	2	2	2	24	46	2	2	2	2	12	12	12	12	2	12	37	37	3	3	3	16	37	37	37	37	2	37	2	2	24	24	6	24	6	6	6	6	6	6	6	6
150	6	6	6	6	6	6	3	4	3	3	3	3	4	4	37	37	4	4	37	37	2	2	2	2	2	2	2	19	2	2	2	2	2	77	2	12	2	77	2	2	15	4	2	2	4	16	4	21	77	77	2	2	4	4	87	77	6	87	15	15	2	2	2	15	2	2	2	2	2	2	2	37	2	2	2	2	37	37	3	3	3	3	37	37	37	37	24	37	24	24	24	24	6	24	6	6	6	6	6	6	6	6
160	6	6	6	6	6	6	3	4	3	3	3	3	2	4	37	37	4	4	12	37	2	2	2	2	2	2	2	19	2	2	2	2	2	77	2	12	37	77	2	2	4	4	15	2	16	16	4	21	12	77	2	2	3	16	53	12	24	53	2	15	37	37	2	37	2	2	2	2	2	2	2	12	2	2	2	2	37	37	3	3	3	3	37	37	37	37	2	37	2	2	2	2	2	2	6	24	6	6	6	6	6	6
170	6	6	6	6	6	6	3	4	3	3	3	3	4	4	15	37	4	4	2	37	2	2	2	2	2	2	2	19	2	2	2	2	37	77	2	12	12	77	2	2	4	4	24	2	4	16	4	21	57	77	6	2	4	4	25	57	6	25	56	56	2	12	24	56	2	37	2	2	2	2	2	2	2	2	2	2	15	15	3	3	3	3	37	37	37	37	2	37	2	2	2	2	6	24	6	6	6	6	6	6	6	6
180	6	6	6	6	6	6	4	4	3	3	3	3	4	4	37	37	4	4	12	37	2	2	2	2	2	2	2	19	2	2	2	2	2	77	2	12	2	77	2	2	12	4	2	2	4	16	4	21	15	77	2	2	4	4	2	15	2	2	2	12	2	2	2	2	2	2	2	2	2	2	12	12	2	12	2	2	37	37	3	3	4	16	37	37	37	37	2	37	2	2	2	2	24	2	6	24	6	6	6	6	6	6
190	6	6	6	6	6	6	4	4	3	3	3	3	4	4	37	37	4	4	2	37	2	2	2	2	2	2	2	19	2	2	2	2	2	77	2	12	2	77	2	2	4	4	2	2	16	16	4	21	2	77	6	2	4	16	2	15	24	24	2	15	2	2	2	2	2	2	2	2	2	2	2	2	2	2	2	2	37	37	3	3	4	16	37	37	37	37	2	37	2	2	2	2	2	2	6	24	6	6	6	6	6	6
200	6	6	6	6	6	6	4	4	3	3	3	3	4	4	37	37	4	4	2	37	2	2	2	2	2	2	2	19	2	2	2	2	37	77	3	12	2	77	2	2	4	4	2	2	4	16	4	21	37	77	2	2	4	4	12	37	24	12	15	15	2	2	2	15	2	37	2	2	2	2	2	2	2	2	2	2	37	37	3	3	3	16	37	37	37	37	2	37	2	2	2	2	2	2	6	24	6	6	6	6	6	6
210	6	6	6	6	6	6	4	4	3	3	3	3	4	4	37	37	4	4	2	37	2	2	2	2	2	2	2	19	2	2	2	2	37	77	3	12	2	77	2	2	4	4	2	2	3	16	4	21	24	77	2	2	3	16	24	53	6	24	2	15	2	2	2	2	2	37	2	2	2	2	2	2	2	2	2	2	37	37	3	3	3	16	37	37	37	37	56	37	56	56	24	56	6	24	6	6	6	6	6	6	6	6
220	6	6	6	6	6	6	16	4	3	3	3	3	4	4	37	37	4	4	37	37	2	2	2	2	2	2	2	19	2	2	2	2	15	77	2	12	12	77	2	2	4	4	15	2	4	16	4	21	15	77	24	2	4	4	2	15	6	24	2	15	2	12	24	2	2	15	2	2	2	2	15	37	2	15	2	2	37	37	3	3	4	16	37	37	77	37	12	77	2	12	2	2	6	24	6	6	6	6	6	6	6	6
230	6	6	23	6	6	6	4	4	3	3	3	3	4	4	2	37	4	4	37	37	2	2	2	2	2	2	2	19	2	2	24	2	16	77	2	12	2	77	2	2	0	4	2	2	4	16	4	21	37	77	24	2	4	4	2	37	6	24	8	8	2	2	2	8	2	37	2	2	2	2	37	37	37	37	37	37	4	15	3	3	4	16	4	4	4	4	2	37	24	24	24	24	6	24	6	6	23	23	6	23	6	6
240	6	6	6	6	6	6	16	4	3	3	3	3	4	4	37	37	4	4	2	37	2	2	2	2	2	2	2	19	2	2	2	2	37	77	2	12	77	77	2	2	4	4	15	2	16	16	4	21	37	77	2	2	3	16	87	37	24	87	4	15	37	77	2	37	2	37	2	2	2	2	2	2	2	2	2	2	37	37	3	3	4	16	37	37	37	37	2	37	2	2	2	2	2	2	6	24	6	6	6	6	6	6
250	6	6	6	6	6	6	4	4	3	3	3	3	4	4	4	37	4	4	15	37	2	2	2	2	2	2	2	19	2	2	2	2	15	77	2	12	87	77	2	2	4	4	4	2	46	16	4	21	37	77	2	2	2	46	87	37	6	87	4	4	87	87	56	87	2	15	2	2	2	2	15	15	2	15	2	2	4	4	3	3	4	16	4	4	4	4	2	15	2	2	2	2	6	56	6	6	6	6	6	6	6	6
260	6	6	6	6	6	6	4	4	3	3	3	3	4	4	37	37	4	4	12	37	2	2	2	2	2	2	2	19	2	2	2	2	77	77	2	12	77	77	2	2	6	4	0	2	4	16	21	21	87	77	2	2	4	21	87	87	6	87	6	22	19	77	24	60	2	77	2	2	2	2	2	12	2	2	2	2	37	37	3	3	3	16	37	37	37	37	2	37	2	2	2	2	6	24	6	6	6	6	6	6	6	6
270	6	6	6	6	6	6	16	4	3	3	3	3	4	4	37	37	4	4	2	37	2	2	2	2	2	2	2	19	2	2	2	2	77	77	2	12	77	77	2	2	2	4	2	2	16	16	4	21	77	77	2	2	3	16	12	77	53	12	2	2	15	77	15	15	12	77	2	2	2	2	2	2	2	2	2	2	37	37	3	3	3	16	37	37	12	37	2	12	2	2	2	12	2	15	6	53	6	6	6	6	6	6
280	6	6	6	6	6	6	16	4	3	3	3	3	4	4	37	37	4	4	2	37	2	2	2	2	2	2	19	19	2	2	2	2	37	77	2	12	2	77	2	2	15	4	2	2	16	16	4	21	87	77	2	2	3	16	53	87	24	53	2	15	2	2	2	2	12	37	2	2	19	19	2	2	19	19	2	19	37	37	3	3	3	16	37	37	37	37	2	37	2	2	2	12	2	2	6	24	6	6	6	6	6	6
290	6	6	6	6	6	6	4	4	3	3	3	3	4	4	37	37	4	4	15	37	2	2	2	2	2	2	2	19	2	2	2	2	77	77	2	12	19	77	2	2	2	4	2	2	2	16	15	21	37	77	2	2	2	15	12	37	2	12	2	2	2	19	2	2	15	77	2	2	2	2	2	15	2	2	2	2	37	37	3	3	3	16	37	37	37	37	2	37	2	2	2	15	2	2	6	2	6	6	6	6	6	6
300	6	6	6	6	6	6	4	4	3	3	3	3	4	4	37	37	4	4	37	37	2	2	2	2	2	2	19	19	2	2	2	2	2	77	12	12	2	77	2	2	4	4	2	2	4	16	4	21	34	77	2	2	4	4	9	34	2	9	15	15	2	2	2	15	2	12	2	2	2	19	12	37	12	12	3	12	37	37	3	3	3	16	37	37	37	37	2	37	2	2	2	2	24	2	6	24	6	6	6	6	6	6
310	6	6	6	6	6	6	4	4	3	3	3	3	4	4	37	37	4	4	2	37	2	2	2	2	2	2	2	19	2	2	2	2	2	77	2	12	12	77	2	2	4	4	2	2	4	16	4	21	37	77	2	2	4	4	24	37	24	24	2	15	2	12	2	2	2	2	2	2	2	2	2	2	2	2	2	2	37	37	3	3	3	16	37	37	37	37	2	37	2	2	2	2	2	2	6	24	6	6	6	6	6	6
320	6	6	6	6	6	6	3	4	3	3	3	3	4	4	37	37	4	4	2	37	2	2	2	2	2	2	2	19	2	2	2	2	77	77	2	12	15	77	2	2	4	4	15	2	4	16	21	21	46	77	2	2	4	21	15	46	24	15	2	15	2	15	2	2	12	77	2	2	2	2	2	2	2	2	2	2	37	37	3	3	3	3	37	37	12	37	2	12	2	2	2	12	2	2	6	24	6	6	6	6	6	6
330	6	6	6	6	6	6	3	4	3	3	3	3	4	4	37	37	4	4	2	37	2	2	2	2	2	2	19	19	2	2	2	2	46	77	2	12	2	77	2	2	15	4	2	2	4	16	4	21	15	77	2	2	4	4	15	15	2	15	15	15	2	2	2	15	2	46	2	2	2	19	2	2	2	2	2	2	37	37	3	3	3	3	37	37	37	37	2	37	2	2	2	2	24	2	6	24	6	6	6	6	6	6
340	6	6	6	6	6	6	4	4	3	3	3	3	4	4	37	37	4	4	2	37	2	2	2	2	2	2	2	19	2	2	2	2	77	77	2	12	15	77	2	2	4	4	2	2	4	16	4	21	4	77	26	2	4	4	4	4	6	26	2	15	15	15	2	15	2	77	2	2	2	2	2	2	2	2	2	2	37	37	3	3	3	16	37	37	37	37	53	37	53	53	53	53	6	53	6	6	6	6	6	6	6	6
350	6	6	6	6	6	6	4	4	3	3	3	3	4	4	37	37	4	4	2	37	2	2	2	2	2	2	2	19	2	2	2	2	77	77	2	12	46	77	2	2	4	4	2	2	57	16	4	21	2	77	2	2	57	57	87	87	6	87	15	15	2	46	2	15	56	77	2	2	2	2	2	2	2	2	2	2	37	37	3	3	4	16	37	37	37	37	2	37	2	2	56	56	6	56	6	6	6	6	6	6	6	6
360	6	6	6	6	6	6	3	4	3	3	3	3	4	4	37	37	4	4	2	37	2	2	2	2	2	2	2	19	2	2	2	2	19	77	2	12	43	77	2	2	4	4	2	2	16	16	4	21	12	77	2	2	3	16	2	12	24	2	2	15	2	43	2	2	2	19	2	2	2	2	2	2	2	2	2	2	37	37	3	3	3	3	37	37	37	37	2	37	2	2	2	2	2	2	6	24	6	6	6	6	6	6
370	6	6	6	6	6	6	4	4	3	3	3	3	4	4	4	37	4	4	37	37	2	2	2	2	2	2	2	19	2	2	2	2	2	77	2	12	15	77	2	2	4	4	2	2	16	16	4	21	12	77	2	2	3	16	2	12	2	2	2	15	2	15	2	2	2	2	2	2	2	2	37	37	37	37	37	37	4	4	3	3	4	16	4	4	4	4	2	37	2	2	2	2	24	2	6	24	6	6	6	6	6	6
380	6	6	6	6	6	6	16	4	3	3	3	3	4	4	15	37	4	4	12	37	2	2	2	2	2	2	2	19	2	2	2	2	77	77	2	12	37	77	2	2	2	4	2	2	4	16	4	21	37	77	24	2	4	4	2	37	6	24	2	2	12	37	2	12	12	77	2	2	2	2	2	12	2	2	2	2	15	15	3	3	4	16	15	15	2	15	2	2	2	2	12	12	2	12	6	24	6	6	6	6	6	6
390	6	6	6	6	6	6	16	4	3	3	3	3	4	4	77	37	4	4	37	37	2	2	2	2	2	2	2	19	2	2	2	2	2	77	2	12	2	77	2	2	15	4	2	2	3	16	4	21	2	77	2	2	16	16	12	37	2	12	2	15	2	2	2	2	24	2	2	2	2	2	2	37	2	2	2	2	37	77	3	3	3	16	37	37	37	37	2	37	2	2	24	24	24	24	6	24	6	6	6	6	6	6
400	6	6	6	6	6	6	4	4	3	3	3	3	4	4	37	37	4	4	12	37	2	2	2	2	2	2	2	19	2	2	2	2	37	77	2	12	96	77	2	2	4	4	15	2	16	16	4	21	4	77	6	2	16	16	6	16	6	6	2	15	56	96	24	56	2	37	2	2	2	2	12	12	2	12	2	2	15	37	3	3	4	16	15	15	15	15	2	15	2	2	2	2	6	24	6	6	6	6	6	6	6	6
410	6	6	6	6	6	6	3	4	3	3	3	3	4	4	37	37	4	4	2	37	2	2	2	2	2	2	2	19	2	2	2	2	46	77	2	12	77	77	2	2	2	4	2	2	4	16	4	21	37	77	2	2	4	4	37	37	24	37	2	2	43	77	2	43	2	46	2	2	2	2	2	2	2	2	2	2	37	37	3	3	3	3	37	37	37	37	2	37	2	2	2	2	2	2	6	24	6	6	6	6	6	6
420	6	6	6	6	6	6	3	4	3	3	3	3	4	4	37	37	4	4	2	37	2	2	2	2	2	2	2	19	2	2	2	2	37	77	2	12	2	77	2	2	4	4	2	2	4	16	21	21	15	77	24	2	4	21	2	15	24	24	2	15	2	2	2	2	2	37	2	2	2	2	2	2	2	2	2	2	37	37	3	3	3	3	37	37	37	37	12	37	12	12	12	12	2	12	6	24	6	6	6	6	6	6
430	6	6	6	6	6	6	4	4	3	3	3	3	4	4	37	37	4	4	2	37	2	2	2	2	2	2	2	19	2	2	2	2	46	77	2	12	2	77	2	2	4	4	2	2	3	16	3	21	53	77	2	2	3	3	24	53	24	24	15	15	2	2	2	15	2	46	2	2	2	2	2	2	2	2	2	2	37	37	3	3	3	16	37	37	37	37	15	37	2	15	2	2	2	2	6	24	6	6	6	6	6	6
440	6	6	6	6	6	6	4	4	3	3	16	3	4	4	37	37	4	4	2	37	2	2	2	2	2	2	19	19	2	2	2	2	15	77	2	12	2	77	2	2	4	4	15	2	3	16	4	21	12	77	2	2	3	16	2	12	2	2	2	15	2	2	2	2	2	15	2	2	19	19	2	2	19	19	2	19	37	37	16	16	3	16	37	37	37	37	2	37	2	2	2	2	24	2	6	24	6	6	6	6	6	6
450	6	6	6	6	6	6	4	4	3	3	3	3	4	4	37	37	4	4	2	37	2	2	2	2	2	2	2	19	2	2	2	2	12	77	2	12	2	77	2	2	4	4	2	2	4	16	4	21	37	77	2	2	4	4	2	37	2	2	15	15	2	2	2	15	2	12	2	2	2	2	2	2	2	2	2	2	37	37	3	3	3	16	37	37	12	37	2	12	2	2	2	2	24	2	6	24	6	6	6	6	6	6
460	6	6	6	6	6	6	21	4	3	3	3	3	4	4	87	37	4	4	12	37	2	2	2	2	2	2	2	19	2	2	2	2	77	77	2	12	2	77	2	2	4	4	2	2	4	16	4	21	77	77	2	2	4	4	77	77	3	77	2	15	2	2	2	2	2	77	2	2	2	2	2	12	2	2	2	2	87	87	3	3	3	47	87	87	87	87	87	87	87	87	87	87	25	87	6	25	6	6	6	6	6	6
470	6	6	6	6	6	6	4	4	3	3	3	3	4	4	37	37	4	4	12	37	2	2	2	2	2	2	2	19	2	2	2	2	12	77	2	12	2	77	2	2	6	4	2	2	3	16	47	21	87	77	2	2	4	47	53	87	6	53	24	24	2	2	6	24	12	12	2	2	2	2	2	12	2	2	2	2	37	37	3	3	3	16	37	37	37	37	2	37	2	2	2	12	6	24	6	6	6	6	6	6	6	6
480	6	6	6	6	6	6	4	4	16	3	3	3	4	4	37	37	4	4	15	37	2	2	2	2	2	2	2	19	2	2	2	2	77	77	2	12	2	77	2	2	2	4	2	2	16	16	4	21	37	77	24	2	3	16	2	37	22	24	2	2	2	2	2	2	2	77	2	2	2	2	2	15	2	2	2	2	37	37	4	16	4	4	37	37	37	37	2	37	2	2	2	2	0	2	6	22	6	6	6	6	6	6
490	6	6	6	6	6	6	4	4	16	3	3	3	4	4	37	37	4	4	37	37	2	2	2	2	2	2	2	19	2	2	2	2	2	77	2	12	77	77	2	2	2	4	2	2	16	16	4	21	12	77	2	2	3	16	2	12	24	2	2	2	2	77	2	2	2	2	2	2	2	2	12	37	12	12	3	12	37	37	16	16	4	16	37	37	37	37	2	37	2	2	2	2	2	2	6	24	6	6	6	6	6	6
500	6	6	6	6	6	6	3	4	3	3	3	3	4	4	37	37	4	4	15	37	2	2	2	2	2	2	2	19	2	2	2	2	37	77	2	12	12	77	2	2	4	4	15	2	37	16	4	21	15	77	2	2	2	37	2	15	24	2	2	15	2	12	2	2	2	37	2	2	2	2	2	15	2	2	2	2	37	37	3	3	3	3	37	37	37	37	2	37	2	2	2	2	2	2	6	24	6	6	6	6	6	6
510	6	6	6	6	6	6	3	4	3	3	3	3	4	4	37	37	4	4	2	37	2	2	2	2	2	2	2	19	2	2	2	2	12	77	2	12	15	77	2	2	4	4	15	2	16	16	4	21	12	77	2	2	3	16	24	12	24	24	2	15	2	15	2	2	2	12	2	2	2	2	2	2	2	2	2	2	37	37	3	3	3	3	37	37	37	37	15	37	2	15	2	2	2	2	6	24	6	6	6	6	6	6
520	6	6	6	6	6	6	3	4	3	3	3	3	4	4	37	37	4	4	2	37	2	2	2	2	2	2	2	19	2	2	2	2	19	77	2	12	12	77	2	2	4	4	2	2	16	16	4	21	77	77	2	2	3	16	53	77	50	53	2	15	12	12	12	12	2	19	2	2	2	2	2	2	2	2	2	2	37	37	3	3	3	3	37	37	37	37	2	37	2	2	2	2	2	12	6	50	6	6	6	6	6	6
530	6	6	6	6	6	6	16	4	3	3	3	3	4	4	37	37	4	4	15	37	2	2	2	2	2	2	2	19	2	2	2	2	77	77	2	12	12	77	2	2	4	4	2	2	4	16	4	21	37	77	2	2	4	4	2	37	24	2	2	15	2	12	2	2	2	77	2	2	2	2	15	15	15	15	4	15	37	37	3	3	3	16	37	37	37	37	2	37	2	2	2	2	2	2	6	24	6	6	6	6	6	6
540	6	6	6	6	6	6	4	4	3	3	3	3	4	4	4	37	4	4	12	37	2	2	2	2	2	2	2	19	2	2	2	2	37	77	2	12	37	77	2	2	4	4	2	2	16	16	4	21	3	77	6	2	3	16	3	3	6	25	2	15	15	37	2	15	2	37	2	2	2	2	2	12	2	2	2	2	4	4	3	3	16	16	16	16	16	16	37	37	37	37	2	37	2	2	6	24	6	6	6	6	6	6
550	6	6	6	6	6	6	3	4	3	3	3	3	4	4	37	37	4	4	2	37	2	2	2	2	2	2	2	19	2	2	2	2	2	77	12	12	37	77	2	2	4	4	2	2	3	16	3	21	37	77	2	2	3	3	2	37	24	2	2	15	37	37	12	37	2	12	2	2	2	2	2	2	2	2	2	2	37	37	3	3	3	3	37	37	37	37	15	37	2	15	2	2	2	12	6	24	6	6	6	6	6	6
560	6	6	6	6	6	6	4	4	3	3	16	3	4	4	37	37	4	4	37	37	2	2	2	2	2	2	2	19	2	2	2	2	2	77	12	12	2	77	2	2	15	4	2	2	4	16	4	21	87	77	2	2	4	4	24	87	24	24	2	15	2	2	2	2	2	12	2	2	2	2	2	37	2	2	2	2	37	37	16	16	3	16	15	37	15	15	12	15	12	12	12	12	2	12	6	24	6	6	6	6	6	6
570	6	6	6	6	6	6	3	4	3	3	3	3	4	4	37	37	4	4	15	37	2	2	2	2	2	2	2	19	2	2	2	2	43	77	2	12	2	77	2	2	4	4	2	2	4	16	4	21	37	77	2	2	4	4	2	37	2	2	2	15	2	2	2	2	6	43	2	2	2	2	2	15	2	2	2	2	37	37	3	3	3	3	37	37	37	37	12	37	2	12	24	24	24	24	6	24	6	6	6	6	6	6
580	6	6	6	6	6	6	4	4	3	3	3	3	4	4	37	37	4	4	37	37	2	2	2	2	2	2	2	19	2	2	2	2	77	77	2	12	2	77	2	2	26	4	2	2	16	16	4	21	37	77	2	2	3	16	24	37	6	24	56	56	2	2	24	56	2	77	2	2	2	2	37	37	37	37	12	37	37	37	3	3	4	16	15	37	2	15	2	12	2	2	2	2	6	24	6	6	6	6	6	6	6	6
590	6	6	6	6	6	6	4	4	3	3	16	3	4	4	37	37	4	4	77	37	2	2	2	2	2	2	19	19	2	2	2	2	37	77	2	12	2	77	2	2	4	4	15	2	4	16	4	21	37	77	2	2	4	4	67	37	53	67	15	15	2	2	2	15	2	37	2	2	2	19	2	77	2	2	2	2	37	37	16	16	3	16	37	37	37	37	12	37	2	12	2	2	2	2	6	53	6	6	6	6	6	6
600	6	6	6	6	6	6	3	4	3	3	3	3	4	4	37	37	4	4	2	37	2	2	2	2	2	2	2	19	2	2	2	2	19	77	2	12	2	77	2	2	2	4	2	2	16	16	4	21	46	77	2	2	4	16	2	46	2	2	2	2	2	2	2	2	9	19	2	2	2	2	2	2	2	2	2	2	37	37	3	3	3	3	37	37	37	37	15	37	2	15	9	9	2	9	6	2	6	6	6	6	6	6
610	6	6	6	6	6	6	4	4	3	3	16	3	4	4	37	37	4	4	2	37	2	2	2	2	2	2	2	19	2	2	2	2	37	77	3	12	37	77	2	2	4	4	4	2	16	16	4	21	12	77	2	2	3	16	24	12	24	24	4	4	37	37	2	37	2	37	2	2	2	2	2	2	2	2	2	2	37	37	4	16	4	4	37	37	37	37	2	37	2	2	2	2	2	2	6	24	6	6	6	6	6	6
620	6	6	6	6	6	6	3	4	3	3	3	3	4	4	37	37	4	4	15	37	2	2	2	2	2	2	2	19	2	2	2	2	77	77	2	12	77	77	2	2	2	4	2	2	16	16	4	21	12	77	2	2	3	16	2	12	24	2	2	2	2	77	2	2	2	77	2	2	2	2	15	15	15	15	4	15	37	37	3	3	3	3	37	37	37	37	2	37	2	2	2	2	2	2	6	24	6	6	6	6	6	6
630	6	6	6	6	6	6	4	4	3	3	3	3	4	4	15	37	4	4	2	37	2	2	2	2	2	2	2	19	2	2	6	2	12	77	3	12	12	77	2	2	2	4	2	2	3	16	16	21	12	77	2	2	3	16	2	12	2	2	2	2	12	12	2	12	2	12	2	2	2	2	2	2	2	2	2	2	15	15	3	3	3	16	37	37	37	37	2	37	24	24	24	24	24	24	6	24	6	6	6	6	6	6
640	6	6	6	6	6	6	4	4	3	3	16	3	4	4	37	37	4	4	12	37	2	2	2	2	2	2	2	19	2	2	2	2	12	77	2	12	77	77	2	2	15	4	2	2	16	16	4	21	77	77	2	2	3	16	37	77	6	37	2	15	37	77	2	37	24	12	2	2	2	2	2	12	2	2	2	2	37	37	16	16	3	16	37	37	37	37	2	37	2	2	24	24	6	24	6	6	6	6	6	6	6	6
650	6	6	6	6	6	6	3	4	3	3	3	3	4	4	37	37	4	4	12	37	2	2	2	2	2	2	2	19	2	2	2	2	15	77	2	12	43	77	2	2	15	4	2	2	4	16	4	21	77	77	2	2	4	4	87	77	24	87	2	15	12	43	2	12	2	15	2	2	2	2	12	12	12	12	2	12	37	37	3	3	3	3	37	37	12	37	12	12	12	12	2	12	2	2	6	24	6	6	6	6	6	6
660	6	6	6	6	6	6	4	4	3	3	3	3	4	4	37	37	4	4	15	37	2	2	2	2	2	2	2	19	2	2	2	2	77	77	2	12	37	77	2	2	4	4	2	2	4	16	4	21	12	77	2	2	4	4	12	37	2	12	2	15	37	37	53	37	2	77	2	2	2	2	15	15	2	15	2	2	37	37	3	3	3	16	37	37	37	37	2	37	2	2	2	2	24	53	6	24	6	6	6	6	6	6
670	6	6	6	6	6	6	4	4	3	3	3	3	4	4	37	37	4	4	12	37	2	2	2	2	2	2	2	19	2	2	2	2	2	77	2	12	37	77	2	2	26	4	2	2	3	16	3	21	12	77	2	2	3	3	2	12	2	2	56	56	2	37	24	56	2	2	2	2	2	2	12	12	2	12	2	2	37	37	3	3	3	16	37	37	37	37	2	37	2	2	2	2	24	24	6	24	6	6	6	6	6	6
680	6	6	6	6	6	6	4	4	3	3	3	3	4	4	37	37	4	4	37	37	2	2	2	2	2	2	2	19	2	2	2	2	46	77	2	12	37	77	2	2	4	4	2	2	4	16	4	21	2	77	2	2	26	4	56	56	6	56	2	15	87	37	24	87	2	46	2	2	2	2	37	37	2	37	2	2	37	37	3	3	3	16	37	37	37	37	2	37	2	2	2	2	6	24	6	6	6	6	6	6	6	6
690	6	6	23	6	6	6	4	4	3	3	16	3	4	4	77	37	4	4	37	37	2	2	2	2	2	2	2	19	2	2	2	2	37	77	2	12	19	77	2	2	4	4	2	2	4	16	4	21	2	77	2	2	15	4	2	15	24	2	15	15	2	19	2	15	15	37	2	2	2	2	2	37	2	2	2	2	77	77	16	16	3	16	77	77	37	77	2	37	2	2	2	15	2	2	6	24	23	23	6	23	6	6
700	6	6	6	6	6	6	4	4	3	3	3	3	4	4	37	37	4	4	2	37	2	2	2	2	2	2	19	19	2	2	2	2	77	77	2	12	2	77	2	2	4	4	2	2	4	16	4	21	77	77	2	2	4	4	77	77	24	77	2	15	2	2	2	2	2	77	2	2	2	19	2	2	2	2	2	2	37	37	3	3	3	16	37	37	37	37	15	37	15	15	2	15	2	2	6	24	6	6	6	6	6	6
710	6	6	6	6	6	6	4	4	3	3	3	3	4	4	37	37	4	4	37	37	2	2	2	2	2	2	2	19	2	2	2	2	12	77	2	12	2	77	2	2	4	4	24	2	16	16	4	21	37	77	2	2	4	16	37	37	2	37	56	56	2	2	56	56	2	12	2	2	2	2	2	37	2	2	2	2	37	37	3	3	3	16	37	37	37	37	2	37	2	2	2	2	24	56	6	24	6	6	6	6	6	6
720	6	6	6	6	6	6	16	4	3	3	3	3	4	4	37	37	4	4	2	37	2	2	2	2	2	2	2	19	2	2	2	2	37	77	3	12	2	77	2	2	46	4	2	2	4	16	4	21	87	77	6	2	4	4	6	87	6	6	2	46	2	2	24	2	2	37	2	2	2	2	2	2	2	2	2	2	37	37	3	3	4	16	37	37	37	37	2	37	2	2	2	2	6	24	6	6	6	6	6	6	6	6
730	6	6	6	6	6	6	3	4	3	3	3	3	4	4	37	37	4	4	12	37	2	2	2	2	2	2	2	19	2	2	2	2	77	77	2	12	77	77	2	2	15	4	2	2	16	16	4	21	12	77	2	2	3	16	12	12	24	12	2	15	2	77	2	2	77	77	2	2	2	2	12	12	12	12	2	12	37	37	3	3	3	3	37	37	37	37	2	37	2	2	15	77	2	15	6	24	6	6	6	6	6	6
740	6	6	6	6	6	6	4	4	3	3	3	3	4	4	37	37	4	4	2	37	2	2	2	2	2	2	2	19	2	2	2	2	66	77	2	12	12	77	2	2	2	4	2	2	16	16	4	21	12	77	2	2	3	16	2	12	2	2	2	2	12	12	2	12	8	66	2	2	2	2	2	2	2	2	2	2	37	37	3	3	3	16	37	37	37	37	2	37	2	2	8	8	24	8	6	24	6	6	6	6	6	6
750	6	6	6	6	6	6	16	4	3	3	3	3	4	4	4	37	4	4	37	37	2	2	2	2	2	2	2	19	2	2	2	2	2	77	12	12	77	77	2	2	15	4	2	2	4	16	4	21	57	77	6	2	4	4	6	57	6	6	15	15	2	77	2	15	24	12	2	2	2	2	15	37	15	15	15	15	4	4	3	3	4	16	4	4	4	4	2	15	2	2	24	24	6	24	6	6	6	6	6	6	6	6
760	6	6	6	6	6	6	3	4	3	3	3	3	4	4	37	37	4	4	12	37	2	2	2	2	2	2	2	19	2	2	2	2	12	77	2	12	19	77	2	2	15	4	2	2	16	16	4	21	77	77	2	2	3	16	77	77	12	77	2	15	2	19	2	2	2	12	2	2	2	2	2	12	2	2	2	2	37	37	3	3	3	3	37	37	37	37	2	37	2	2	2	2	2	2	6	12	6	6	6	6	6	6
770	6	6	6	6	6	6	4	4	3	3	3	3	4	4	37	37	4	4	37	37	2	2	2	2	2	2	2	19	2	2	2	2	37	77	3	12	12	77	2	2	4	4	2	2	4	16	21	21	77	77	2	2	4	21	2	77	6	2	15	15	2	12	2	15	2	37	2	2	2	2	2	37	2	2	2	2	37	37	3	3	3	16	37	37	37	37	2	37	24	2	6	24	6	24	6	6	6	6	6	6	6	6
780	6	6	6	6	6	6	4	4	3	3	3	3	4	4	37	37	4	4	2	37	2	2	2	2	2	2	2	19	2	2	2	2	2	77	2	12	2	77	2	2	26	4	2	2	4	16	4	21	37	77	2	2	4	4	12	37	6	12	24	56	2	2	24	24	2	2	2	2	2	2	2	2	2	2	2	2	37	37	3	3	3	16	37	37	37	37	2	37	2	2	2	2	6	24	6	6	6	6	6	6	6	6
790	6	6	6	6	6	6	3	4	3	3	3	3	4	4	87	37	4	4	2	37	2	2	2	2	2	2	2	19	2	2	2	2	2	77	2	12	37	77	2	2	2	4	2	2	16	16	4	21	3	77	6	2	16	16	3	16	6	25	2	2	37	37	2	37	2	2	2	2	2	2	2	2	2	2	2	2	87	87	3	3	3	3	87	87	87	87	87	87	87	87	87	87	6	87	6	6	6	6	6	6	6	6
800	6	6	6	6	6	6	4	4	3	3	3	3	4	4	37	37	4	4	12	37	2	2	2	2	2	2	2	19	2	2	2	2	2	77	2	12	37	77	2	2	2	4	2	2	4	16	4	21	56	77	2	2	4	4	56	56	6	56	2	2	87	37	87	87	2	2	2	2	2	2	12	12	12	12	2	12	37	37	16	3	3	16	37	37	37	37	2	37	2	2	2	2	6	87	6	6	6	6	6	6	6	6
810	6	6	6	6	6	6	16	4	3	3	3	3	4	4	37	37	4	4	2	37	2	2	2	2	2	2	2	19	2	2	2	2	37	77	2	12	2	77	2	2	15	4	2	2	4	16	4	21	37	77	2	2	4	4	2	37	2	2	15	15	2	2	2	15	2	37	2	2	2	2	2	2	2	2	2	2	37	37	3	3	3	16	37	37	37	37	2	37	2	2	2	2	24	2	6	24	6	6	6	6	6	6
820	6	6	6	6	6	6	16	4	3	3	3	3	4	4	87	37	4	4	12	37	2	2	2	2	2	2	2	19	2	2	2	2	12	77	2	12	46	77	2	2	2	4	2	2	16	16	4	21	37	77	56	2	3	16	2	37	6	56	2	2	15	46	2	15	2	12	2	2	2	2	2	12	2	2	2	2	87	87	3	3	3	16	87	87	87	87	24	87	24	24	24	24	6	24	6	6	6	6	6	6	6	6
830	6	6	6	6	6	6	3	4	3	3	3	3	4	4	37	37	4	4	12	37	2	2	2	2	2	2	2	19	2	2	2	2	2	77	2	12	2	77	2	2	15	4	2	2	37	16	4	21	2	77	2	2	37	37	77	37	2	77	2	15	2	2	2	2	2	2	2	2	2	2	2	12	2	2	2	2	37	37	3	3	3	3	37	37	37	37	37	37	12	37	12	12	24	12	6	24	6	6	6	6	6	6
840	6	6	6	6	6	6	16	4	3	3	3	3	4	4	16	37	4	4	2	37	2	2	2	2	2	2	2	19	2	2	2	2	77	77	3	12	37	77	2	2	15	4	2	2	16	16	4	21	47	77	6	2	4	16	3	47	6	25	56	15	2	37	24	56	2	77	2	2	2	2	2	2	2	2	2	2	16	16	3	3	3	16	16	16	16	16	2	37	2	2	2	2	6	24	6	6	6	6	6	6	6	6
850	6	6	6	6	6	6	3	4	3	3	3	3	4	4	37	37	4	4	12	37	2	2	2	2	2	2	2	19	2	2	2	2	12	77	3	12	37	77	2	2	4	4	2	2	16	16	4	21	53	77	2	2	3	16	24	53	6	24	15	15	2	37	2	15	2	12	2	2	2	2	2	12	2	2	2	2	87	37	3	3	3	3	87	87	87	87	56	87	56	56	56	56	6	56	6	6	6	6	6	6	6	6
860	6	6	6	6	6	6	4	4	3	3	3	3	4	4	15	37	4	4	37	37	2	2	2	2	2	2	2	19	2	2	2	2	37	77	2	12	43	77	2	2	4	4	2	2	4	16	4	21	77	77	2	2	4	4	2	77	2	2	2	15	2	43	2	2	2	37	2	2	2	2	37	37	37	37	37	37	4	15	3	3	4	16	4	4	4	4	2	37	2	2	2	2	24	2	6	24	6	6	6	6	6	6
870	6	6	6	6	6	6	4	4	16	3	3	3	4	4	37	37	4	4	12	37	2	2	2	2	2	2	2	19	2	2	2	2	77	77	2	12	2	77	2	2	4	4	24	2	4	16	21	21	57	77	2	2	4	21	24	57	6	24	56	56	2	2	50	56	2	77	2	2	2	2	2	12	2	2	2	2	16	37	16	16	3	16	16	16	3	16	2	12	2	2	2	2	6	50	6	6	6	6	6	6	6	6
880	6	6	6	6	6	6	3	4	3	3	3	3	4	4	37	37	4	4	2	37	2	2	2	2	2	2	2	19	2	2	2	2	12	77	2	12	37	77	2	2	4	4	2	2	16	16	4	21	46	77	2	2	3	16	2	77	24	2	2	15	12	37	2	12	2	12	2	2	2	2	2	2	2	2	2	2	37	37	3	3	3	3	37	37	12	37	2	12	2	2	2	2	2	2	6	24	6	6	6	6	6	6
890	6	6	6	6	6	6	3	4	3	3	3	3	4	4	37	37	4	4	12	37	2	2	2	2	2	2	2	19	2	2	2	2	12	77	2	12	2	77	2	2	15	4	2	2	4	16	4	21	34	77	2	2	4	4	2	34	6	2	2	15	2	2	2	2	53	12	2	2	2	2	2	12	2	2	2	2	37	37	3	3	3	3	37	37	15	37	2	15	2	2	53	53	6	53	6	6	6	6	6	6	6	6
900	6	6	6	6	6	6	4	4	3	3	3	3	4	4	37	37	4	4	2	37	2	2	2	2	2	2	2	19	2	2	2	2	37	77	2	12	2	77	2	2	2	4	2	2	4	16	4	21	37	77	2	2	4	4	2	37	24	2	2	2	2	2	2	2	2	37	2	2	2	2	2	2	2	2	2	2	37	37	3	3	3	16	37	37	37	37	15	37	15	15	2	15	2	2	6	24	6	6	6	6	6	6
910	6	6	6	6	6	6	3	4	3	3	3	3	4	4	37	37	4	4	2	37	2	2	2	2	2	2	2	19	2	2	2	2	77	77	3	12	77	77	2	2	4	4	2	2	3	16	4	21	12	77	24	2	3	16	2	12	24	24	2	15	37	77	15	37	12	77	2	2	2	2	2	2	2	2	2	2	37	37	3	3	3	3	15	37	15	15	2	15	2	2	2	12	2	15	6	24	6	6	6	6	6	6
920	6	6	6	6	6	6	3	4	3	3	3	3	4	4	37	37	4	4	37	37	2	2	2	2	2	2	2	19	2	2	2	2	46	77	2	12	77	77	2	2	15	4	2	2	4	16	4	21	77	77	2	2	4	4	2	77	2	2	2	15	77	77	87	77	2	46	2	2	2	2	37	37	12	37	2	12	37	37	3	3	3	3	37	37	37	37	15	37	2	15	2	2	24	87	6	24	6	6	6	6	6	6
930	6	6	6	6	6	6	3	4	3	3	3	3	4	4	77	37	4	4	2	37	2	2	2	2	2	2	2	19	2	2	2	2	43	77	3	12	37	77	2	2	4	4	46	2	87	16	4	21	2	77	2	2	87	87	87	87	6	87	2	46	15	37	56	15	2	43	2	2	2	2	2	2	2	2	2	2	77	77	3	3	3	3	77	77	77	77	2	77	2	2	2	2	6	56	6	6	6	6	6	6	6	6
940	6	6	6	6	6	6	4	4	3	3	3	3	4	4	37	37	4	4	15	37	2	2	2	2	2	2	2	19	2	2	2	2	77	77	2	12	96	77	2	2	15	4	2	2	4	16	4	21	15	77	2	2	4	4	15	15	2	15	2	15	56	96	56	56	2	77	2	2	2	2	15	15	15	15	15	15	4	37	4	3	4	4	4	4	4	4	2	15	2	2	2	2	24	56	6	24	6	6	6	6	6	6
950	6	6	6	6	6	6	4	4	3	3	16	3	4	4	15	37	4	4	2	37	2	2	2	2	2	2	2	19	2	2	2	2	2	77	2	12	2	77	2	2	5	4	19	2	3	16	3	21	12	77	53	2	3	3	3	12	24	53	2	19	12	2	2	12	2	2	2	2	2	2	2	2	2	2	2	2	15	15	4	16	4	4	15	15	2	15	2	2	2	2	2	2	2	2	6	24	6	6	6	6	6	6
960	6	6	6	6	6	6	3	4	3	3	3	3	4	4	37	37	4	4	2	37	2	2	2	2	2	2	2	19	2	2	2	2	3	77	12	12	2	77	2	2	4	4	2	2	16	16	4	21	77	77	2	2	3	16	43	77	2	43	2	15	2	2	2	2	12	12	2	2	2	2	2	2	2	2	2	2	37	37	3	3	3	3	37	37	77	37	2	77	2	2	12	12	24	12	6	24	6	6	6	6	6	6
970	6	6	6	6	6	6	3	4	3	3	3	3	4	4	37	37	4	4	2	37	2	2	2	2	2	2	2	19	2	2	2	2	15	77	2	12	19	77	2	2	26	4	2	2	4	16	4	21	37	77	2	2	4	4	37	37	2	37	56	56	2	19	56	56	2	15	2	2	2	2	2	2	2	2	2	2	37	37	3	3	3	3	37	37	37	37	2	37	2	2	2	2	24	56	6	24	6	6	6	6	6	6
980	6	6	6	6	6	6	16	4	3	3	3	3	4	4	37	37	4	4	12	37	2	2	2	2	2	2	2	19	2	2	2	2	77	77	2	12	37	77	2	2	15	4	2	2	4	16	4	21	37	77	2	2	4	4	37	37	2	37	4	15	15	37	24	15	3	77	2	2	2	2	2	12	2	2	2	2	37	37	3	3	3	16	37	37	37	37	12	37	12	12	2	12	24	24	6	24	6	6	6	6	6	6
990	6	6	6	6	6	6	3	4	3	3	3	3	4	4	37	37	4	4	2	37	2	2	2	2	2	2	2	19	2	2	2	2	77	77	3	12	37	77	2	2	2	4	2	2	61	16	5	21	5	77	6	2	61	61	6	61	6	6	2	2	37	37	24	37	2	77	2	2	2	2	2	2	2	2	2	2	37	37	3	3	3	3	37	37	37	37	2	37	2	2	2	2	6	24	6	6	6	6	6	6	6	6
1000	6	6	6	6	6	6	16	4	3	3	3	3	4	4	37	37	4	4	2	37	2	2	2	2	2	2	2	19	2	2	2	2	37	77	3	12	37	77	2	2	4	4	2	2	4	16	4	21	15	77	2	2	4	4	2	15	24	2	2	15	2	37	2	2	2	37	2	2	2	2	2	2	2	2	2	2	37	37	3	3	3	16	37	37	37	37	2	37	2	2	2	2	2	2	6	24	6	6	6	6	6	6
1010	6	6	6	6	6	6	4	4	37	3	3	3	4	4	37	37	4	4	2	37	2	2	2	2	2	2	2	19	2	2	2	2	77	77	2	12	2	77	2	2	4	4	2	2	16	16	4	21	2	77	2	2	16	16	12	37	2	12	24	15	2	2	6	24	2	77	2	2	2	2	2	2	2	2	2	2	2	37	67	37	67	67	67	67	67	67	67	67	67	67	31	67	50	81	6	50	6	6	6	6	6	6
1020	6	6	6	6	6	6	3	4	3	3	3	3	4	4	37	37	4	4	2	37	2	2	2	2	2	2	2	19	2	2	2	2	77	77	2	12	2	77	2	2	4	4	15	2	4	16	4	21	15	77	2	2	4	4	15	15	2	15	15	15	2	2	15	15	2	77	2	2	2	2	2	2	2	2	2	2	37	37	3	3	3	3	37	37	37	37	2	37	2	2	2	2	24	15	6	24	6	6	6	6	6	6
1030	6	6	6	6	6	6	3	4	3	3	3	3	3	4	37	37	4	4	2	37	2	2	2	2	2	2	2	19	2	2	2	2	77	77	3	12	15	77	2	2	4	4	15	2	16	16	4	21	53	77	2	2	3	16	24	53	6	24	56	15	2	15	24	56	2	77	2	2	2	2	2	2	2	2	2	2	37	37	3	3	3	3	37	37	37	37	2	37	2	2	2	2	6	24	6	6	6	6	6	6	6	6
1040	6	6	6	6	6	6	4	4	3	3	3	3	4	4	4	37	4	4	37	37	2	2	2	2	2	2	2	19	2	2	2	2	77	77	2	12	2	77	2	2	15	4	2	2	4	16	4	21	37	77	2	2	4	4	87	37	24	87	2	15	2	2	2	2	15	77	2	2	2	2	37	37	37	37	12	37	4	4	3	3	16	16	16	16	3	16	2	12	2	2	15	15	2	15	6	24	6	6	6	6	6	6
1050	6	6	6	6	6	6	4	4	3	3	3	3	4	4	37	37	4	4	67	37	2	2	2	2	2	2	2	19	2	2	2	2	37	77	2	12	24	77	2	2	4	4	2	2	25	16	4	21	12	77	6	2	26	57	6	87	6	6	2	15	24	24	6	24	2	37	2	2	2	2	67	67	67	67	31	67	3	37	3	3	16	16	16	16	3	16	31	31	31	31	31	31	6	81	6	6	6	6	6	6	6	6
1060	6	6	6	6	6	6	3	4	3	3	3	3	4	4	37	37	4	4	37	37	2	2	2	2	2	2	2	19	2	2	2	2	37	77	2	12	12	77	2	2	4	4	2	2	4	16	4	21	37	77	2	2	4	4	2	37	2	2	2	15	2	12	2	2	24	37	2	2	2	2	2	37	2	2	2	2	37	37	3	3	3	3	37	37	37	37	2	37	2	2	24	24	24	24	6	24	6	6	6	6	6	6
1070	6	6	6	6	6	6	4	4	3	3	3	3	4	4	12	37	4	4	2	37	2	2	2	2	2	2	2	19	2	2	2	2	37	77	3	12	37	77	2	2	26	4	2	2	4	16	4	21	2	77	6	2	4	4	2	15	6	24	6	56	16	37	6	57	4	37	2	2	2	2	2	2	2	2	2	2	37	37	3	3	4	16	37	37	37	37	4	37	4	15	4	4	6	26	6	6	6	6	6	6	6	6
1080	6	6	6	6	6	6	4	4	3	3	37	3	4	4	37	37	4	4	2	37	2	2	2	2	2	2	19	19	2	2	2	2	2	77	2	12	2	77	24	2	4	4	26	2	16	16	4	21	87	77	6	2	3	16	6	87	6	6	6	26	6	24	6	6	2	2	2	2	2	19	2	2	2	2	2	2	4	37	37	37	37	37	37	37	37	37	2	37	2	2	2	2	6	24	6	6	6	6	6	6	6	6
1090	6	6	6	6	6	6	4	4	3	3	3	3	4	4	87	37	4	4	2	37	2	2	2	2	2	2	2	19	2	2	2	2	77	77	3	12	2	77	2	2	6	4	2	2	4	16	4	21	26	77	6	2	4	4	6	26	6	6	2	24	2	2	2	2	2	77	2	2	2	2	2	2	2	2	2	2	87	87	3	3	3	16	87	87	87	87	53	87	24	53	24	24	6	24	6	6	6	6	6	6	6	6
1100	6	6	6	6	6	6	4	4	3	3	3	3	4	4	87	37	4	4	37	37	2	2	2	2	2	2	2	19	2	2	2	2	37	77	2	12	15	77	2	2	4	4	2	2	4	16	4	21	2	77	2	2	4	4	2	15	2	2	2	15	15	15	4	15	3	37	2	2	2	2	3	37	12	12	2	12	87	87	3	3	3	16	87	87	87	87	87	87	87	87	87	87	24	87	6	24	6	6	6	6	6	6
1110	6	6	6	6	6	6	4	4	3	3	3	3	4	4	37	37	4	4	2	37	2	2	2	2	2	2	2	19	2	2	2	2	37	77	2	12	46	77	2	2	4	4	2	2	4	16	4	21	15	77	2	2	4	4	15	15	2	15	15	15	2	46	24	15	2	37	2	2	2	2	2	2	2	2	2	2	37	37	3	3	4	16	37	37	37	37	15	37	2	15	2	2	24	24	6	24	6	6	6	6	6	6
1120	6	6	6	6	6	6	4	4	3	3	3	3	4	4	87	37	4	4	37	37	2	2	2	2	2	2	2	19	2	2	2	2	3	77	3	12	2	77	2	2	4	4	2	2	4	16	4	21	37	77	2	2	4	4	12	37	3	12	15	15	2	2	2	15	3	3	2	2	2	2	2	37	2	2	2	2	53	87	3	3	4	16	87	87	87	87	87	87	87	87	87	87	6	87	6	25	6	6	6	6	6	6
1130	6	6	6	6	6	6	4	4	3	3	3	3	4	4	15	37	4	4	2	37	2	2	2	2	2	2	2	19	2	2	2	2	12	77	2	12	2	77	2	2	26	4	2	2	4	16	4	21	87	77	6	2	4	4	6	87	6	6	56	56	2	2	24	56	2	12	2	2	2	2	2	2	2	2	2	2	15	15	3	3	4	16	15	15	15	15	2	15	2	2	2	2	6	24	6	6	6	6	6	6	6	6
1140	6	6	6	6	6	6	4	4	3	3	3	3	4	4	37	37	4	4	2	37	2	2	2	2	2	2	2	19	2	2	2	2	77	77	3	12	15	77	2	2	21	4	5	2	4	16	4	21	37	77	2	2	4	4	12	37	2	12	4	21	15	15	2	15	2	77	2	2	2	2	2	2	2	2	2	2	37	37	3	3	3	16	37	37	37	37	87	37	53	87	24	53	24	24	6	24	6	6	6	6	6	6
1150	6	6	6	6	6	6	4	4	3	3	3	3	4	4	37	37	4	4	2	37	2	2	2	2	2	2	2	19	2	2	2	2	77	77	2	12	2	77	2	2	4	4	2	2	4	16	26	21	12	77	2	2	26	26	87	87	24	87	2	15	2	2	2	2	2	77	2	2	2	2	2	2	2	2	2	2	12	37	3	3	3	16	2	12	15	15	2	15	2	2	2	2	2	2	6	24	6	6	6	6	6	6
1160	6	6	6	6	6	6	3	4	3	3	3	3	4	4	37	37	4	4	2	37	2	2	2	2	2	2	2	19	2	2	2	2	37	77	3	12	12	77	2	2	2	4	2	2	4	16	4	21	87	77	2	2	4	4	24	87	6	24	2	2	24	12	24	24	2	37	2	2	2	2	2	2	2	2	2	2	37	37	3	3	3	3	37	37	37	37	2	37	2	2	2	2	6	24	6	6	6	6	6	6	6	6
1170	6	6	6	6	6	6	4	4	3	3	3	3	4	4	15	37	4	4	37	37	2	2	2	2	2	2	2	19	2	2	2	2	43	77	2	12	2	77	2	2	4	4	2	2	4	16	4	21	43	77	2	2	4	4	2	77	24	2	15	15	2	2	2	15	2	43	2	2	2	2	12	37	12	12	2	12	15	15	3	3	4	16	15	15	15	15	2	15	2	2	2	2	2	2	6	24	6	6	6	6	6	6
1180	6	6	6	6	6	6	4	4	16	3	3	3	4	4	77	37	2	4	2	37	2	2	2	2	2	2	2	19	2	2	2	2	77	77	3	12	37	77	2	2	4	4	2	2	16	16	4	21	2	77	2	2	16	16	12	37	2	12	15	15	4	37	2	15	2	77	2	2	2	2	2	2	2	2	2	2	77	77	4	16	4	4	43	77	43	43	2	43	2	2	2	2	2	2	6	2	6	6	6	6	6	6
1190	6	6	6	6	6	6	4	4	3	3	3	3	4	4	37	37	4	4	2	37	2	2	2	2	2	2	2	19	2	2	2	2	77	77	2	12	37	77	2	2	2	4	2	2	4	16	4	21	15	77	2	2	4	4	15	15	2	15	2	2	37	37	37	37	2	77	2	2	2	2	2	2	2	2	2	2	37	37	3	3	3	16	37	37	37	37	2	37	2	2	2	2	24	37	6	24	6	6	6	6	6	6
1200	6	6	6	6	6	6	3	4	3	3	3	3	4	4	37	37	4	4	15	37	2	2	2	2	2	2	2	19	2	2	2	2	77	77	2	12	43	77	2	2	4	4	2	2	16	16	4	21	77	77	2	2	4	16	2	77	2	2	2	15	12	43	2	12	56	77	2	2	2	2	15	15	2	15	2	2	37	37	3	3	3	3	37	37	37	37	2	37	2	2	56	56	24	56	6	24	6	6	6	6	6	6
1210	6	6	6	6	6	6	4	4	3	3	3	3	4	4	37	37	4	4	12	37	2	2	2	2	2	2	2	19	2	2	2	2	77	77	2	12	46	77	2	2	4	4	15	2	4	16	4	21	15	77	2	2	4	4	2	15	6	2	2	15	2	46	2	2	2	77	2	2	2	2	2	12	2	2	2	2	37	37	3	3	3	16	37	37	15	37	2	15	2	2	2	2	6	2	6	6	6	6	6	6	6	6
1220	6	6	6	6	6	6	37	4	3	3	3	3	4	4	15	37	4	4	2	37	15	2	2	2	2	2	2	19	2	2	2	2	2	77	2	12	12	77	2	2	4	4	15	2	16	16	4	21	35	77	24	2	3	16	2	35	24	24	2	15	12	12	9	12	2	2	2	2	2	2	2	15	2	2	2	2	2	15	3	3	37	37	37	37	37	37	2	37	2	2	2	2	2	9	6	24	6	6	6	6	6	6
1230	6	6	6	6	6	6	3	4	3	3	3	3	4	4	16	37	4	4	15	37	2	2	2	2	2	2	2	19	2	2	2	2	46	77	2	12	19	77	2	2	4	4	2	2	4	16	4	21	87	77	2	2	4	4	87	87	24	87	2	15	2	19	2	2	2	46	2	2	2	2	15	15	15	15	15	15	16	16	3	3	3	3	4	16	4	4	2	15	2	2	2	2	2	2	6	24	6	6	6	6	6	6
1240	6	6	6	6	6	6	3	4	3	3	3	3	4	4	37	37	4	4	37	37	2	2	2	2	2	2	2	19	2	2	2	2	12	77	2	12	77	77	2	2	15	4	2	2	4	16	4	21	37	77	24	2	4	4	2	37	24	24	15	15	2	77	2	15	12	12	2	2	2	2	2	37	2	2	2	2	37	37	3	3	3	3	37	37	12	37	2	12	2	2	12	12	2	12	6	24	6	6	6	6	6	6
1250	6	6	6	6	6	6	3	4	3	3	3	3	4	4	37	37	4	4	37	37	2	2	2	2	2	2	2	19	2	2	2	2	77	77	2	12	46	77	2	2	15	4	2	2	4	16	4	21	87	77	2	2	4	4	87	87	6	87	2	15	24	46	24	24	12	77	2	2	2	2	37	37	2	37	2	2	37	37	3	3	3	3	37	37	37	37	2	37	2	2	2	12	6	24	6	6	6	6	6	6	6	6
1260	6	6	6	6	6	6	3	4	3	3	3	3	4	4	37	37	4	4	15	37	2	2	2	2	2	2	2	19	2	2	2	2	15	77	2	12	12	77	2	2	2	4	2	2	16	16	4	21	12	77	2	2	3	16	12	12	2	12	2	2	24	12	24	24	2	15	2	2	2	2	2	15	2	2	2	2	37	37	3	3	3	3	37	37	15	37	2	15	2	2	2	2	24	24	6	24	6	6	6	6	6	6
1270	6	6	6	6	6	6	4	4	3	3	3	3	4	4	37	37	4	4	12	37	2	2	2	2	2	2	2	19	2	2	2	2	77	77	2	12	2	77	2	2	2	4	2	2	16	16	4	21	37	77	2	2	3	16	2	37	24	2	2	2	2	2	2	2	2	77	2	2	2	2	2	12	2	2	2	2	37	37	3	3	3	16	37	37	37	37	2	37	2	2	2	2	2	2	6	24	6	6	6	6	6	6
1280	6	6	6	6	6	6	4	4	3	3	3	3	4	4	37	37	4	4	2	37	2	2	2	2	2	2	2	19	2	2	2	2	2	77	2	12	15	77	2	2	4	4	2	2	4	16	4	21	37	77	2	2	4	4	2	37	2	2	2	15	2	15	2	2	2	2	2	2	2	2	2	2	2	2	2	2	37	37	3	3	3	16	37	37	37	37	12	37	2	12	2	2	2	2	6	2	6	6	6	6	6	6
1290	6	6	6	6	6	6	4	4	3	3	3	3	4	4	37	37	4	4	2	37	2	2	2	2	2	2	19	19	2	2	2	2	37	77	3	12	2	77	2	2	4	4	2	2	16	16	4	21	12	77	2	2	3	16	53	12	24	53	15	15	2	2	2	15	12	37	2	2	2	19	2	2	2	2	2	2	37	37	3	3	3	16	15	37	15	15	2	15	2	2	12	12	2	12	6	24	6	6	6	6	6	6
1300	6	6	6	6	6	6	4	4	3	3	3	3	4	4	16	37	4	4	37	37	2	2	2	2	2	2	2	19	2	2	2	2	2	77	12	12	96	77	2	2	4	4	4	2	16	16	4	21	37	77	2	2	3	16	87	37	6	87	4	4	56	96	56	56	2	12	2	2	2	2	37	37	37	37	37	37	3	16	3	3	16	16	16	16	3	16	2	37	2	2	2	2	6	56	6	6	6	6	6	6	6	6
1310	6	6	6	6	6	6	4	4	16	3	3	3	4	4	15	37	4	4	2	37	2	2	2	2	2	2	2	19	2	2	2	2	37	77	2	12	2	77	2	2	2	4	2	2	16	16	4	21	77	77	2	2	3	16	12	77	2	12	2	2	2	2	2	2	37	37	2	2	2	2	2	2	2	2	2	2	15	15	4	16	4	4	15	15	2	15	2	2	2	2	37	37	24	37	6	24	6	6	6	6	6	6
1320	6	6	6	6	6	6	4	4	3	3	3	3	4	4	15	37	4	4	2	37	2	2	2	2	2	2	2	19	2	2	2	2	87	77	2	12	77	77	2	2	4	4	2	2	4	16	4	21	15	77	24	2	4	4	2	15	6	24	2	15	2	77	2	2	57	87	2	2	2	2	2	2	2	2	2	2	15	15	3	3	4	16	15	15	15	15	2	15	2	2	87	87	6	87	6	6	6	6	6	6	6	6
1330	6	6	6	6	6	6	4	4	3	3	3	3	4	4	16	37	4	4	37	37	2	2	2	2	2	2	2	19	2	2	2	2	2	77	2	12	2	77	2	2	15	4	2	2	16	16	4	21	2	77	24	2	37	16	2	37	6	24	2	15	2	2	2	2	24	2	2	2	2	2	12	37	12	12	12	12	3	16	3	3	16	16	16	16	3	16	2	12	2	2	24	24	6	24	6	6	6	6	6	6	6	6
1340	6	6	6	6	6	6	3	4	3	3	3	3	4	4	87	37	4	4	12	37	2	2	2	2	2	2	19	19	2	2	2	2	43	77	2	12	2	77	2	2	4	4	2	2	4	16	4	21	77	77	2	2	4	4	53	77	6	53	2	15	2	2	2	2	2	43	2	2	19	19	2	12	2	19	2	2	87	87	3	3	3	3	53	87	87	87	87	87	87	87	87	87	6	87	6	6	6	6	6	6	6	6
1350	6	6	6	6	6	6	4	4	3	3	3	3	4	4	37	37	4	4	2	37	2	2	2	2	2	2	2	19	2	2	2	2	77	77	2	12	2	77	2	2	15	4	2	2	16	16	4	21	37	77	2	2	3	16	87	37	6	87	2	15	2	2	2	2	2	77	2	2	2	2	2	2	2	2	2	2	37	37	3	3	3	16	37	37	37	37	37	37	2	37	2	2	2	2	6	24	6	6	6	6	6	6
1360	6	6	6	6	6	6	3	4	3	3	3	3	4	4	37	37	4	4	12	37	2	2	2	2	2	2	2	19	2	2	2	2	77	77	3	12	37	77	2	2	4	4	2	2	4	16	4	21	37	77	2	2	4	4	56	37	6	56	2	15	37	37	15	37	2	77	2	2	2	2	2	12	2	2	2	2	37	37	3	3	3	3	37	37	37	37	2	37	2	2	2	2	2	15	6	24	6	6	6	6	6	6
1370	6	6	6	6	6	6	16	4	3	3	3	3	4	4	37	37	4	4	2	37	2	2	2	2	2	2	2	19	2	2	2	2	77	77	2	12	12	77	2	2	4	4	2	2	4	16	4	21	37	77	2	2	4	4	2	37	2	2	15	15	2	12	2	15	2	77	2	2	2	2	2	2	2	2	2	2	37	37	3	3	3	16	37	37	37	37	2	37	2	2	2	2	24	2	6	24	6	6	6	6	6	6
1380	6	6	6	6	6	6	16	4	3	3	3	3	4	4	37	37	4	4	2	37	2	2	2	2	2	2	2	19	2	2	2	2	43	77	2	12	15	77	2	2	15	4	2	2	4	16	21	21	43	77	2	2	5	21	43	43	6	43	2	15	2	15	2	2	2	43	2	2	2	2	2	2	2	2	2	2	37	37	3	3	4	16	37	37	37	37	2	37	2	2	2	2	6	2	6	6	6	6	6	6	6	6
1390	6	6	6	6	6	6	4	4	3	3	3	3	4	4	37	37	4	4	2	37	2	2	2	2	2	2	2	19	2	2	2	2	77	77	2	12	2	77	2	2	4	4	24	2	16	16	4	21	37	77	2	2	3	16	12	37	2	12	24	56	2	2	24	24	2	77	2	2	2	2	2	2	2	2	2	2	37	37	3	3	3	16	37	37	37	37	2	37	2	2	2	2	6	24	6	24	6	6	6	6	6	6
1400	6	6	6	6	6	6	4	4	3	3	3	3	4	4	37	37	4	4	12	37	2	2	2	2	2	2	2	19	2	2	2	2	77	77	2	12	2	77	2	2	4	4	2	2	4	16	4	21	15	77	2	2	4	4	84	15	50	84	37	15	2	2	37	37	2	77	2	2	2	2	2	12	2	2	2	2	37	37	3	3	3	16	37	37	37	37	12	37	12	12	2	12	2	37	6	50	6	6	6	6	6	6
1410	6	6	6	6	6	6	4	4	3	3	3	3	4	4	37	37	4	4	37	37	2	2	2	2	2	2	2	19	2	2	2	2	37	77	2	12	2	77	2	2	4	4	24	2	16	16	4	21	87	77	2	2	3	16	24	87	6	24	56	56	2	2	24	56	2	37	2	2	2	2	37	37	2	37	2	2	37	37	3	3	3	16	37	37	37	37	12	37	2	12	2	2	6	24	6	6	6	6	6	6	6	6
1420	6	6	6	6	6	6	4	4	3	3	3	3	4	4	37	37	4	4	2	37	2	2	2	2	2	2	2	19	2	2	2	2	37	77	2	12	2	77	2	2	6	4	2	2	4	16	4	21	15	77	24	2	4	4	2	15	6	24	24	24	2	2	24	24	2	37	2	2	2	2	2	2	2	2	2	2	37	37	3	3	4	16	37	37	37	37	2	37	2	2	2	2	6	24	6	6	6	6	6	6	6	6
1430	6	6	6	6	6	6	3	4	3	3	3	3	4	4	37	37	4	4	37	37	2	2	2	2	2	2	2	19	2	2	2	2	2	77	2	12	43	77	2	2	4	4	2	2	16	16	4	21	87	77	2	2	3	16	53	87	24	53	15	15	2	43	2	15	2	2	2	2	2	2	2	37	2	2	2	2	37	37	3	3	3	3	37	37	37	37	2	37	2	2	2	2	2	2	6	24	6	6	6	6	6	6
1440	6	6	6	6	6	6	4	4	16	3	3	3	4	4	37	37	4	4	2	37	2	2	2	2	2	2	2	19	2	2	2	2	87	77	2	12	6	77	6	2	26	4	2	2	4	16	4	21	87	77	6	2	4	4	6	87	6	6	6	56	6	6	6	6	2	87	2	2	2	2	2	2	2	2	2	2	37	37	16	16	4	16	15	37	15	15	2	15	2	2	2	2	6	24	6	6	6	6	6	6	6	6
1450	6	6	6	6	6	6	4	4	16	3	3	3	4	4	37	37	4	4	15	37	2	2	2	2	2	2	2	19	2	2	2	2	37	77	3	12	53	77	2	2	2	4	2	2	16	16	4	21	2	77	2	2	12	16	2	12	2	2	2	2	53	53	24	53	12	37	2	2	2	2	2	15	2	2	2	2	37	37	16	16	3	16	37	37	37	37	2	37	2	2	2	12	24	24	6	24	6	6	6	6	6	6
1460	6	6	6	6	6	6	4	4	3	3	3	3	4	4	37	37	4	4	2	37	2	2	2	2	2	2	2	19	2	2	2	2	2	77	2	12	2	77	2	2	6	4	2	2	16	16	4	21	77	77	2	2	3	16	87	77	6	87	53	24	2	2	53	53	2	2	2	2	2	2	2	2	2	2	2	2	37	37	3	3	4	16	37	37	37	37	2	37	2	2	2	2	6	53	6	6	6	6	6	6	6	6
1470	6	6	6	6	6	6	3	4	3	3	3	3	4	4	37	37	4	4	37	37	2	2	2	2	2	2	2	19	2	2	2	2	15	77	2	12	12	77	2	2	4	4	2	2	4	16	4	21	12	77	2	2	4	4	2	37	2	2	2	15	2	12	2	2	2	15	2	2	2	2	2	37	2	2	2	2	37	37	3	3	3	3	37	37	37	37	2	37	2	2	2	2	24	2	6	24	6	6	6	6	6	6
1480	6	6	6	6	6	6	16	4	3	3	3	3	4	4	37	37	4	4	12	37	2	2	2	2	2	2	2	19	2	2	2	2	37	77	2	12	12	77	2	2	2	4	2	2	4	16	4	21	37	77	2	2	4	4	2	37	2	2	2	2	2	12	2	2	24	37	2	2	2	2	12	12	12	12	2	12	37	37	3	3	3	16	37	37	37	37	2	37	2	2	24	24	24	24	6	24	6	6	6	6	6	6
1490	6	6	6	6	6	6	3	4	3	3	3	3	4	4	16	37	4	4	87	37	2	2	2	2	2	2	2	19	2	2	2	2	3	77	12	12	2	77	2	2	2	4	2	2	4	16	4	21	15	77	2	2	4	4	2	15	2	2	2	2	2	2	2	2	2	12	2	2	2	2	87	87	53	87	53	53	16	16	3	3	3	3	16	16	3	16	24	53	24	24	24	24	24	24	6	24	6	6	6	6	6	6
1500	6	6	6	6	6	6	4	4	3	3	3	3	4	4	37	37	4	4	2	37	2	2	2	2	2	2	2	19	2	2	2	2	73	77	2	12	2	77	2	2	4	4	2	2	4	16	4	21	37	77	2	2	4	4	37	37	53	37	15	15	2	2	15	15	2	73	2	2	2	2	2	2	2	2	2	2	37	37	3	3	3	16	37	37	37	37	2	37	2	2	2	2	2	15	6	53	6	6	6	6	6	6
1510	6	6	6	6	6	6	4	4	3	3	3	3	4	4	15	37	4	4	2	37	2	2	2	2	2	2	2	19	2	2	2	2	2	77	12	12	2	77	2	2	4	4	2	2	3	16	4	21	37	77	2	2	3	16	12	37	2	12	2	15	2	2	2	2	2	12	2	2	2	2	2	2	2	2	2	2	15	15	3	3	4	16	15	15	15	15	2	15	2	2	2	2	24	2	6	24	6	6	6	6	6	6
1520	6	6	6	6	6	6	4	4	3	3	3	3	4	4	4	37	4	4	15	37	2	2	2	2	2	2	2	19	2	2	2	2	77	77	3	12	2	77	2	2	26	4	2	2	37	16	4	21	2	77	2	2	2	37	2	2	2	2	2	56	2	2	2	2	2	77	2	2	2	2	15	15	15	15	15	15	4	4	3	3	4	16	4	4	4	4	2	15	2	2	24	2	24	24	6	24	6	6	6	6	6	6
1530	6	6	6	6	6	6	4	4	3	3	3	3	4	4	37	37	4	4	2	37	2	2	2	2	2	2	2	19	2	2	2	2	37	77	2	12	2	77	2	2	4	4	2	2	4	16	4	21	37	77	2	2	4	4	87	37	6	87	2	15	2	2	2	2	2	37	2	2	2	2	2	2	2	2	2	2	37	37	3	3	3	16	37	37	37	37	87	37	87	87	87	87	6	87	6	6	6	6	6	6	6	6
1540	6	6	6	6	6	6	4	4	3	3	3	3	4	4	37	37	4	4	2	37	2	2	2	2	2	2	2	19	2	2	2	2	37	77	2	12	12	77	2	2	26	4	2	2	4	16	4	21	37	77	2	2	4	4	2	37	2	2	24	56	2	12	6	24	12	37	2	2	2	2	2	2	2	2	2	2	37	37	3	3	3	16	37	37	37	37	2	37	2	2	12	12	24	53	6	24	6	6	6	6	6	6
1550	6	6	6	6	6	6	4	4	3	3	3	3	4	4	37	37	4	4	37	37	2	2	2	2	2	2	2	19	2	2	2	2	46	77	2	12	12	77	2	2	4	4	2	2	16	16	4	21	12	77	2	2	3	16	12	12	2	12	2	15	53	12	53	53	2	46	2	2	2	2	2	37	2	2	2	2	37	37	3	3	3	16	37	37	2	37	2	2	2	2	2	2	24	53	6	24	6	6	6	6	6	6
1560	6	6	6	6	6	6	16	4	3	3	3	3	4	4	37	37	4	4	12	37	2	2	2	2	2	2	2	19	2	2	2	2	77	77	2	12	2	77	2	2	4	4	2	2	4	16	4	21	87	77	6	2	4	4	25	87	6	25	2	15	2	2	2	2	15	77	2	2	2	2	2	12	2	2	2	2	37	37	3	3	3	16	37	37	37	37	2	37	2	2	2	15	2	2	6	24	6	6	6	6	6	6
1570	6	6	6	6	6	6	4	4	3	3	16	3	4	4	37	37	4	4	2	37	2	2	2	2	2	2	2	19	2	2	2	2	15	77	2	12	2	77	2	2	4	4	2	2	4	16	4	21	15	77	2	2	4	4	2	15	2	2	2	15	2	2	2	2	2	15	2	2	2	2	2	2	2	2	2	2	37	37	4	16	4	4	37	37	37	37	2	37	24	2	24	24	24	24	6	24	6	6	6	6	6	6
1580	6	6	6	6	6	6	4	4	3	3	3	3	4	4	37	37	4	4	15	37	2	2	2	2	2	2	2	19	2	2	2	2	46	77	2	12	15	77	2	2	4	4	2	2	16	16	4	21	2	77	2	2	16	16	12	37	2	12	15	15	2	15	2	15	2	46	2	2	2	2	2	15	2	2	2	2	37	37	3	3	4	16	37	37	37	37	2	37	2	2	2	2	2	2	6	2	6	6	6	6	6	6
1590	6	6	6	6	6	6	4	4	3	3	3	3	4	4	4	37	4	4	15	37	2	2	2	2	2	2	2	19	2	2	2	2	77	77	3	12	12	77	2	2	4	4	2	2	4	16	21	21	77	77	2	2	4	21	4	77	2	15	15	15	2	12	24	15	15	77	2	2	2	2	15	15	15	15	2	15	4	4	3	3	16	16	16	16	16	16	2	37	2	2	2	15	24	24	6	24	6	6	6	6	6	6
1600	6	6	6	6	6	6	3	4	3	3	3	3	4	4	37	37	4	4	2	37	2	2	2	2	2	2	2	19	2	2	2	2	77	77	2	12	37	77	2	2	2	4	2	2	4	16	4	21	77	77	2	2	4	4	2	77	2	2	2	2	37	37	87	37	2	77	2	2	2	2	2	2	2	2	2	2	37	37	3	3	3	3	37	37	37	37	2	37	2	2	2	2	24	87	6	24	6	6	6	6	6	6
1610	6	6	6	6	6	6	4	4	3	3	3	3	4	4	15	37	4	4	37	37	2	2	2	2	2	2	2	19	2	2	2	2	77	77	3	12	2	77	2	2	62	4	2	2	4	16	4	21	46	77	2	2	4	4	2	46	2	2	56	96	2	2	56	56	2	77	2	2	2	2	37	37	37	37	37	37	4	15	3	3	4	16	4	4	4	4	15	37	2	15	2	2	26	56	6	56	6	6	6	6	6	6
1620	6	6	6	6	6	6	4	4	3	3	3	3	4	4	15	37	4	4	2	37	2	2	2	2	2	2	2	19	2	2	2	2	2	77	12	12	15	77	2	2	4	4	15	2	16	16	4	21	37	77	2	2	3	16	53	37	24	53	4	15	15	15	2	15	2	12	2	2	2	2	2	2	2	2	2	2	15	15	4	3	4	4	15	15	15	15	2	15	2	2	2	2	2	2	6	24	6	6	6	6	6	6
1630	6	6	6	6	6	6	3	4	3	3	3	3	4	4	37	37	4	4	37	37	2	2	2	2	2	2	2	19	2	2	2	2	37	77	3	12	2	77	2	2	4	4	2	2	16	16	4	21	12	77	2	2	3	16	2	12	2	2	2	15	2	2	2	2	2	37	2	2	2	2	12	37	12	12	3	12	37	37	3	3	3	3	37	37	37	37	24	37	24	24	24	24	6	24	6	24	6	6	6	6	6	6
1640	6	6	6	6	6	6	4	4	16	3	3	3	4	4	4	37	4	4	37	37	2	2	2	2	2	2	2	19	2	2	24	2	77	77	2	12	37	77	2	2	15	4	2	2	16	16	4	21	43	77	2	2	3	16	2	43	2	2	15	15	2	37	2	15	2	77	2	2	2	2	15	37	15	15	15	15	4	4	4	16	4	4	4	4	4	4	2	15	24	24	24	24	24	24	6	24	6	6	6	6	6	6
1650	6	6	6	6	6	6	3	4	3	3	3	3	4	4	37	37	4	4	12	37	2	2	2	2	2	2	8	19	2	2	2	2	43	77	2	12	2	77	2	2	4	4	15	2	4	16	4	21	34	77	2	2	4	4	2	34	2	2	15	15	2	2	2	15	2	43	2	2	2	8	2	12	2	2	2	2	37	37	3	3	3	3	37	37	37	37	2	37	2	2	2	2	2	2	6	2	6	6	6	6	6	6
1660	6	6	6	6	6	6	4	4	3	3	3	3	4	4	37	37	4	4	2	37	2	2	2	2	2	2	2	19	2	2	2	2	2	77	2	12	24	77	2	2	15	4	2	2	4	16	4	21	37	77	2	2	4	4	2	37	2	2	2	15	24	24	24	24	2	2	2	2	2	2	2	2	2	2	2	2	37	37	3	3	3	16	37	37	37	37	12	37	2	12	2	2	24	24	6	24	6	6	6	6	6	6
1670	6	6	6	6	26	6	16	4	3	3	3	3	4	4	37	37	4	4	2	37	2	2	2	2	2	2	2	19	2	2	2	2	2	77	2	12	2	77	2	2	2	4	24	2	4	16	4	21	15	77	2	2	4	4	2	15	2	2	24	24	2	2	24	24	2	2	2	2	2	2	2	2	2	2	2	2	37	37	3	3	3	16	37	37	37	37	2	37	2	2	2	2	24	24	6	24	6	6	6	26	6	6
1680	6	6	6	6	6	6	3	4	3	3	3	3	4	4	37	37	4	4	12	37	2	2	2	2	2	2	2	19	2	2	2	2	12	77	3	12	15	77	2	2	4	4	2	2	4	16	4	21	4	77	2	2	4	4	15	4	2	15	2	15	15	15	6	15	2	12	2	2	2	2	2	12	2	2	2	2	37	37	3	3	3	3	37	37	37	37	2	37	2	2	2	2	24	24	6	24	6	6	6	6	6	6
1690	6	6	6	6	6	6	4	4	3	3	16	3	4	4	37	37	4	4	37	37	2	2	2	2	2	2	2	19	2	2	2	2	37	77	2	12	2	77	2	2	4	4	2	2	4	16	4	21	37	77	2	2	4	4	24	37	24	24	2	15	2	2	2	2	12	37	2	2	2	2	37	37	37	37	12	37	15	37	4	16	4	4	15	15	2	15	2	12	2	2	12	12	2	12	6	24	6	6	6	6	6	6
1700	6	6	6	6	6	6	4	4	3	3	3	3	4	4	4	37	4	4	2	37	2	2	2	2	2	2	2	19	2	2	2	2	53	77	2	12	2	77	2	2	4	4	2	2	16	16	4	21	2	77	2	2	16	16	2	37	2	2	2	15	2	2	2	2	24	53	2	2	2	2	2	2	2	2	2	2	4	4	3	3	16	16	16	16	16	16	2	37	2	2	24	24	24	24	6	24	6	6	6	6	6	6
1710	6	6	6	6	6	6	4	4	3	3	16	3	4	4	15	37	4	4	15	37	2	2	2	2	2	2	2	19	2	2	2	2	37	77	2	12	2	77	2	2	2	4	2	2	16	16	4	21	12	77	2	2	3	16	2	12	2	2	2	2	2	2	2	2	2	37	2	2	2	2	15	15	2	15	2	2	15	15	16	16	4	16	15	15	2	15	2	2	2	2	2	2	24	2	6	24	6	6	6	6	6	6
1720	6	6	6	6	6	6	16	4	3	3	3	3	4	4	37	37	4	4	2	37	2	2	2	2	2	2	2	19	2	2	2	2	2	77	2	12	37	77	2	2	4	4	15	2	16	16	4	21	12	77	2	2	3	16	2	12	24	2	2	15	2	37	2	2	2	2	2	2	2	2	2	2	2	2	2	2	37	37	3	3	3	16	37	37	12	37	2	12	2	2	2	2	2	2	6	24	6	6	6	6	6	6
1730	6	6	6	6	6	6	4	4	3	3	3	3	4	4	37	37	4	4	37	37	2	2	2	2	2	2	2	19	2	2	2	2	37	77	2	12	2	77	2	2	4	4	15	2	16	16	4	21	37	77	2	2	3	16	2	37	2	2	2	15	2	2	2	2	24	37	2	2	2	2	37	37	37	37	37	37	3	37	3	3	16	16	16	16	3	16	12	37	2	12	24	24	24	24	6	24	6	6	6	6	6	6
1740	6	6	6	6	6	6	4	4	3	3	3	3	4	4	37	37	4	4	2	37	2	2	2	2	2	2	2	19	2	2	2	2	37	77	2	12	2	77	2	2	4	4	15	2	37	16	4	21	2	77	2	2	37	37	2	37	24	2	2	15	2	2	2	2	2	37	2	2	2	2	2	2	2	2	2	2	37	37	3	3	3	16	37	37	12	37	2	12	2	2	2	2	2	2	6	24	6	6	6	6	6	6
1750	6	6	6	6	6	6	3	4	3	3	3	3	4	4	37	37	4	4	37	37	2	2	2	2	2	2	2	19	2	2	2	2	12	77	2	12	2	77	2	2	4	4	15	2	16	16	4	21	37	77	2	2	4	16	2	37	2	2	2	15	2	2	2	2	12	12	2	2	2	2	15	37	2	15	2	2	37	37	3	3	3	3	37	37	37	37	12	37	3	12	2	12	2	2	6	2	6	6	6	6	6	6
1760	6	6	6	6	6	6	16	4	3	3	3	3	4	4	4	37	4	4	2	37	2	2	2	2	2	2	2	19	2	2	2	2	2	77	12	12	2	77	2	2	6	4	6	2	16	16	4	21	53	77	2	2	3	16	24	53	6	24	6	6	2	2	6	24	2	12	2	2	2	2	2	2	12	2	12	12	4	4	3	3	16	16	16	16	3	16	12	12	12	12	3	12	6	25	6	6	6	6	6	6	6	6
1770	6	6	6	6	6	6	37	4	3	3	3	3	4	4	2	37	4	4	2	37	2	2	2	2	2	2	19	19	2	2	2	2	37	77	3	12	2	77	2	2	4	4	15	2	16	16	4	21	12	77	2	2	3	16	2	12	2	2	2	15	2	2	2	2	2	37	2	2	2	19	2	2	2	2	2	2	2	15	3	3	37	37	37	37	37	37	12	37	2	12	2	2	2	2	6	2	6	6	6	6	6	6
1780	6	6	6	6	6	6	26	4	3	3	12	3	4	4	15	37	4	4	12	37	2	2	2	2	2	2	2	19	2	2	2	2	37	77	2	12	87	77	2	2	4	4	2	2	4	16	21	21	37	77	2	2	4	21	2	37	2	2	2	15	2	87	2	2	2	37	2	2	2	2	2	12	2	2	2	2	2	15	12	12	87	87	87	87	87	87	6	87	24	24	24	24	24	24	6	24	6	6	6	6	6	6
1790	6	6	6	6	6	6	3	4	3	3	3	3	4	4	37	37	4	4	15	37	2	2	2	2	2	2	2	19	2	2	2	2	2	77	2	12	2	77	2	2	4	4	15	2	16	16	4	21	37	77	2	2	3	16	2	37	24	2	2	15	2	2	2	2	2	2	2	2	2	2	15	15	2	15	2	2	37	37	3	3	3	3	37	37	37	37	2	37	2	2	2	2	2	2	6	24	6	6	6	6	6	6
1800	6	6	6	6	6	6	4	4	3	3	3	3	4	4	15	37	4	4	37	37	2	2	2	2	2	2	2	19	2	2	2	2	2	77	2	12	2	77	2	2	4	4	2	2	4	16	4	21	87	77	2	2	4	4	24	87	6	24	2	15	2	2	2	2	2	2	2	2	2	2	37	37	12	37	2	12	15	15	3	3	4	16	15	15	15	15	2	15	2	2	2	2	2	2	6	24	6	6	6	6	6	6
1810	6	6	6	6	6	6	4	4	3	3	3	3	4	4	37	37	4	4	15	37	2	2	2	2	2	2	19	19	2	2	2	2	77	77	2	12	24	77	2	2	46	4	2	2	16	16	4	21	77	77	2	2	3	16	12	77	2	12	2	46	24	24	24	24	2	77	2	2	2	19	2	15	2	2	2	2	37	37	3	3	3	16	37	37	37	37	12	37	12	12	2	12	24	24	6	24	6	6	6	6	6	6
1820	6	6	6	6	6	6	3	4	3	3	3	3	4	4	37	37	4	4	37	37	2	2	2	2	2	2	2	19	2	2	2	2	77	77	2	12	37	77	2	2	2	4	2	2	16	16	4	21	37	77	12	2	3	16	3	37	2	12	2	2	2	37	2	2	2	77	2	2	2	2	15	37	15	15	2	15	37	37	3	3	3	3	37	37	15	37	2	15	2	2	2	2	2	2	6	2	6	6	6	6	6	6
1830	6	6	6	6	6	6	4	4	3	3	3	3	4	4	37	37	4	4	2	37	2	2	2	2	2	2	2	19	2	2	2	2	2	77	2	12	15	77	2	2	2	4	2	2	4	16	4	21	37	77	2	2	4	4	2	37	2	2	2	2	2	15	2	2	2	2	2	2	2	2	2	2	2	2	2	2	87	37	3	3	3	16	87	87	53	87	24	53	24	24	24	24	24	24	6	24	6	6	6	6	6	6
1840	6	6	6	6	6	6	3	4	3	3	3	3	4	4	37	37	4	4	2	37	2	2	2	2	2	2	2	19	2	2	2	2	37	77	2	12	2	77	2	2	2	4	2	2	4	16	4	21	37	77	2	2	4	4	2	37	2	2	2	2	2	2	2	2	2	37	2	2	2	2	2	2	2	2	2	2	37	37	3	3	3	3	37	37	37	37	53	37	24	53	24	24	24	24	6	24	6	6	6	6	6	6
1850	6	6	6	6	6	6	4	4	3	3	3	3	4	4	37	37	4	4	2	37	2	2	2	2	2	2	2	19	2	2	2	2	2	77	2	12	12	77	2	2	2	4	2	2	16	16	4	21	15	77	2	2	4	16	2	15	24	2	2	2	2	12	2	2	2	2	2	2	2	2	2	2	2	2	2	2	37	37	3	3	3	16	37	37	37	37	2	37	2	2	2	2	2	2	6	24	6	6	6	6	6	6
1860	6	6	6	6	6	6	4	4	3	3	3	3	4	4	37	37	4	4	2	37	2	2	2	2	2	2	2	19	2	2	2	2	77	77	3	12	15	77	2	2	4	4	2	2	4	16	4	21	77	77	2	2	4	4	2	77	2	2	2	15	15	15	2	15	2	77	2	2	2	2	2	2	2	2	2	2	37	37	3	3	3	16	37	37	2	37	2	2	2	2	2	2	2	2	6	2	6	6	6	6	6	6
1870	6	6	6	6	6	6	5	4	3	3	20	3	4	4	37	37	4	4	2	37	2	2	2	2	2	2	2	19	2	2	2	2	77	77	2	12	12	77	2	2	2	4	2	2	16	16	4	21	77	77	2	2	3	16	43	77	2	43	2	2	37	12	2	37	53	77	2	2	2	2	2	2	2	2	2	2	37	37	20	20	3	20	37	37	37	37	2	37	2	2	53	53	53	53	6	53	6	6	6	6	6	6
1880	6	6	6	6	6	6	16	4	3	3	3	3	4	4	37	37	4	4	37	37	2	2	2	2	2	2	2	19	2	2	2	2	37	77	2	12	2	77	2	2	2	4	2	2	16	16	4	21	37	77	2	2	3	16	2	37	2	2	2	2	2	2	2	2	24	37	2	2	2	2	2	37	2	2	2	2	37	37	3	3	3	16	37	37	37	37	12	37	2	12	24	24	24	24	6	24	6	6	6	6	6	6
1890	6	6	6	6	6	6	3	4	3	3	3	3	4	4	37	37	4	4	12	37	2	2	2	2	2	2	2	19	2	2	2	2	77	77	3	12	12	77	2	2	37	4	2	2	4	16	4	21	87	77	2	2	4	4	87	87	56	87	2	37	2	12	2	2	2	77	2	2	2	2	2	12	2	2	2	2	37	37	3	3	3	3	37	37	2	37	2	2	2	2	2	2	2	2	6	56	6	6	6	6	6	6
1900	6	6	6	6	6	6	16	4	3	3	3	3	4	4	37	37	4	4	2	37	2	2	2	2	2	2	2	19	2	2	24	2	77	77	2	12	19	77	2	2	2	4	2	2	4	16	4	21	15	77	24	2	4	4	2	15	6	24	2	2	2	19	2	2	2	77	2	2	2	2	2	2	2	2	2	2	37	37	3	3	3	16	37	37	37	37	2	37	24	24	24	24	6	24	6	6	6	6	6	6	6	6
1910	6	6	6	6	6	6	3	4	3	3	3	3	4	4	37	37	4	4	2	37	2	2	2	2	2	2	2	19	2	2	2	2	46	77	2	12	37	77	2	2	2	4	2	2	3	16	3	21	37	77	2	2	3	3	2	37	2	2	2	2	37	37	53	37	2	46	2	2	2	2	2	2	2	2	2	2	37	37	3	3	3	3	37	37	37	37	2	37	2	2	2	2	53	53	6	53	6	6	6	6	6	6
1920	6	6	6	6	6	6	3	4	3	3	3	3	4	4	37	37	4	4	37	37	2	2	2	2	2	2	2	19	2	2	2	2	12	77	3	12	15	77	2	2	4	4	15	2	4	16	4	21	37	77	2	2	4	4	12	37	2	12	2	15	2	15	2	2	2	12	2	2	2	2	2	37	2	2	2	2	37	37	3	3	3	3	37	37	37	37	2	37	2	2	2	2	2	2	6	2	6	6	6	6	6	6
1930	6	6	6	6	6	6	3	4	3	3	3	3	4	4	37	37	4	4	37	37	2	2	2	2	2	2	19	19	2	2	2	2	3	77	12	12	2	77	2	2	2	4	2	2	4	16	4	21	15	77	2	2	4	4	2	15	24	2	2	2	2	2	2	2	2	12	2	2	2	19	2	37	2	2	2	2	37	37	3	3	3	3	37	37	37	37	2	37	2	2	2	2	2	2	6	24	6	6	6	6	6	6
1940	6	6	6	6	6	6	4	4	3	3	3	3	4	4	16	37	4	4	2	37	15	2	2	2	2	2	2	19	2	2	2	2	46	77	2	12	2	77	2	2	15	4	2	2	4	16	4	21	20	77	24	2	4	4	3	47	6	53	15	15	2	2	9	15	2	46	2	2	2	2	2	15	2	2	2	2	3	16	3	3	16	16	16	16	16	16	15	37	2	15	2	2	6	9	6	6	23	6	6	23	6	6
1950	6	6	6	6	6	6	16	4	3	3	3	3	4	4	37	37	4	4	37	37	2	2	2	2	2	2	2	19	2	2	2	2	77	77	3	12	2	77	2	2	15	4	2	2	4	16	4	21	77	77	2	2	4	4	2	77	2	2	15	15	2	2	2	15	2	77	2	2	2	2	2	37	2	2	2	2	37	37	3	3	3	16	37	37	37	37	2	37	2	2	2	2	24	2	6	24	6	6	6	6	6	6
1960	6	6	6	6	6	6	4	4	16	3	3	3	4	4	37	37	4	4	2	37	2	2	2	2	2	2	2	19	2	2	2	2	43	77	2	12	12	77	2	2	4	4	2	2	4	16	4	21	37	77	2	2	4	4	67	37	24	67	2	15	2	12	2	2	2	43	2	2	2	2	2	2	2	2	2	2	15	37	4	16	4	4	15	15	15	15	2	15	2	2	2	2	2	2	6	24	6	6	6	6	6	6
1970	6	6	6	6	6	6	4	4	3	3	3	3	4	4	37	37	4	4	2	37	2	2	2	2	2	2	2	19	2	2	2	2	12	77	2	12	2	77	2	2	2	4	2	2	4	16	4	21	15	77	2	2	4	4	2	15	2	2	2	2	2	2	2	2	6	12	2	2	2	2	2	2	2	2	2	2	37	37	3	3	3	16	37	37	37	37	2	37	2	2	24	24	24	24	6	24	6	6	6	6	6	6
1980	6	6	6	6	6	6	4	4	3	3	3	3	4	4	37	37	4	4	15	37	2	2	2	2	2	2	2	19	2	2	2	2	12	77	2	12	2	77	2	2	2	4	2	2	16	16	4	21	12	77	2	2	3	16	2	12	2	2	2	2	2	2	2	2	2	12	2	2	2	2	2	15	2	2	2	2	37	37	3	3	3	16	37	37	37	37	2	37	2	2	24	2	24	24	6	24	6	6	6	6	6	6
1990	6	6	6	6	6	6	16	4	3	3	3	3	4	4	37	37	4	4	2	37	2	2	2	2	2	2	2	19	2	2	2	2	77	77	2	12	46	77	2	2	4	4	2	2	4	16	4	21	15	77	2	2	4	4	15	15	24	15	2	15	2	46	2	2	2	77	2	2	2	2	2	2	2	2	2	2	37	37	3	3	3	16	37	37	12	37	2	12	2	2	2	2	2	2	6	24	6	6	6	6	6	6
2000	6	6	6	6	6	6	4	4	3	3	3	3	4	4	37	37	4	4	12	37	2	2	2	2	2	2	2	19	2	2	2	2	15	77	2	12	12	77	2	2	4	4	24	2	12	16	4	21	2	77	2	2	12	37	2	12	2	2	56	56	2	12	24	56	2	15	2	2	2	2	2	12	2	2	2	2	37	37	3	3	3	16	37	37	37	37	2	37	2	2	2	2	6	24	6	24	6	6	6	6	6	6
2010	6	6	6	6	6	6	3	4	3	3	3	3	4	4	37	37	4	4	2	37	2	2	2	2	2	2	2	19	2	2	2	2	2	77	12	12	2	77	2	2	2	4	2	2	16	16	4	21	37	77	2	2	3	16	2	37	2	2	2	2	2	2	2	2	2	12	2	2	2	2	2	2	2	2	2	2	37	37	3	3	3	3	37	37	37	37	2	37	2	2	2	2	2	2	6	2	6	6	6	6	6	6
2020	6	6	6	6	6	6	4	4	3	3	3	3	4	4	37	37	4	4	37	37	2	2	2	2	2	2	2	19	2	2	2	2	77	77	2	12	12	77	2	2	4	4	2	2	16	16	4	21	12	77	2	2	3	16	12	12	2	12	2	15	12	12	2	12	2	77	2	2	2	2	37	37	37	37	4	37	37	37	3	3	3	16	37	37	37	37	2	37	24	2	24	24	6	24	6	24	6	6	6	6	6	6
2030	6	6	6	6	6	6	4	4	3	3	3	3	4	4	37	37	4	4	2	37	2	2	2	2	2	2	2	19	2	2	2	2	19	77	2	12	2	77	2	2	4	4	2	2	16	16	4	21	37	77	2	2	3	16	12	37	24	12	15	15	2	2	15	15	2	19	2	2	2	2	2	2	2	2	2	2	37	37	3	3	3	16	15	37	15	15	2	15	2	2	2	2	2	15	6	24	6	6	6	6	6	6
2040	6	6	6	6	6	6	16	4	3	3	3	3	4	4	37	37	4	4	2	37	2	2	2	2	2	2	2	19	2	2	2	2	53	77	2	12	2	77	2	2	15	4	2	2	16	16	4	21	37	77	2	2	3	16	53	37	6	53	2	15	2	2	2	2	24	53	2	2	2	2	2	2	2	2	2	2	37	37	3	3	3	16	37	37	37	37	2	37	2	2	24	24	6	24	6	6	6	6	6	6	6	6
2050	6	6	6	6	6	6	4	4	3	3	3	3	4	4	37	37	4	4	12	37	2	2	2	2	2	2	2	19	2	2	2	2	37	77	2	12	15	77	2	2	4	4	2	2	16	16	4	21	37	77	2	2	3	16	2	37	24	2	2	15	15	15	2	15	2	37	2	2	2	2	12	12	12	12	12	12	37	37	3	3	3	16	37	37	2	37	2	12	2	2	2	2	2	2	6	24	6	6	6	6	6	6
2060	6	6	6	6	6	6	4	4	3	3	3	3	4	4	37	37	4	4	2	37	2	2	2	2	2	2	2	19	2	2	2	2	12	77	2	12	37	77	2	2	4	4	2	2	4	16	4	21	46	77	2	2	4	4	2	46	2	2	4	15	15	37	2	15	2	12	2	2	2	2	2	2	2	2	2	2	37	37	3	3	4	16	15	37	15	15	2	15	2	2	24	2	24	24	6	24	6	6	6	6	6	6
2070	6	6	6	6	6	6	4	4	3	3	3	3	4	4	15	37	4	4	37	37	2	2	2	2	2	2	5	19	2	2	2	2	37	77	2	12	12	77	2	2	26	4	2	2	4	16	4	21	46	77	2	2	4	4	2	46	2	2	24	56	6	12	24	24	2	37	2	2	2	19	2	37	2	2	2	2	15	15	3	3	3	16	37	37	37	37	2	37	2	2	2	2	24	24	6	24	6	6	6	6	6	6
2080	6	6	6	6	6	6	4	4	3	3	3	3	4	4	37	37	4	4	15	37	2	2	2	2	2	2	2	19	2	2	2	2	77	77	2	12	2	77	2	2	4	4	24	2	16	16	4	21	77	77	2	2	3	16	2	77	2	2	24	56	2	2	24	24	2	77	2	2	2	2	2	15	2	2	2	2	37	37	3	3	3	16	37	37	37	37	2	37	2	2	2	2	24	24	6	24	6	6	6	6	6	6
2090	6	6	6	6	6	6	3	4	3	3	3	3	4	4	37	37	4	4	2	37	2	2	2	2	2	2	2	19	2	2	2	2	37	77	2	12	37	77	2	2	4	4	2	2	3	16	3	21	12	77	2	2	3	3	12	12	2	12	2	15	12	37	2	12	53	37	2	2	2	2	2	2	2	2	2	2	37	37	3	3	3	3	37	37	37	37	2	37	2	2	53	53	24	53	6	24	6	6	6	6	6	6
2100	6	6	6	6	6	6	3	4	3	3	3	3	4	4	37	37	4	4	12	37	2	2	2	2	2	2	2	19	2	2	2	2	77	77	3	12	77	77	2	2	15	4	2	2	4	16	4	21	62	77	6	2	4	4	6	62	6	6	2	15	12	77	2	12	2	77	2	2	2	2	2	12	2	2	2	2	37	37	3	3	3	3	37	37	37	37	87	37	56	87	56	56	6	56	6	6	6	6	6	6	6	6
2110	6	6	6	6	6	6	3	4	3	3	3	3	4	4	37	37	4	4	2	37	2	2	2	2	2	2	2	19	2	2	2	2	77	77	2	12	15	77	2	2	4	4	2	2	4	16	4	21	77	77	2	2	4	4	37	77	6	37	2	15	15	15	2	15	2	77	2	2	2	2	2	2	2	2	2	2	37	37	3	3	3	3	37	37	37	37	37	37	37	37	87	37	6	87	6	6	6	6	6	6	6	6
2120	6	6	6	6	6	6	4	4	16	3	3	3	4	4	37	37	4	4	15	37	2	2	2	2	2	2	19	19	2	2	2	2	15	77	2	12	74	77	2	2	2	4	2	2	4	16	4	21	15	77	2	2	4	4	15	15	2	15	2	2	9	74	2	9	2	15	2	2	19	19	2	15	19	19	2	19	37	37	4	16	4	4	15	37	15	15	2	15	2	2	2	2	2	2	6	2	6	6	6	6	6	6
2130	6	6	6	6	6	6	3	4	3	3	3	3	4	4	37	37	4	4	2	37	2	2	2	2	2	2	2	19	2	2	2	2	77	77	3	12	2	77	2	2	2	4	2	2	4	16	4	21	77	77	2	2	4	4	2	77	6	2	2	2	2	2	2	2	24	77	2	2	2	2	2	2	2	2	2	2	37	37	3	3	3	3	37	37	37	37	2	37	2	2	24	24	6	24	6	6	6	6	6	6	6	6
2140	6	6	6	6	6	6	4	4	3	3	16	3	4	4	37	37	4	4	12	37	2	2	2	2	2	2	2	19	2	2	2	2	3	77	12	12	15	77	2	2	2	4	2	2	4	16	4	21	37	77	2	2	4	4	87	37	6	87	2	2	15	15	24	15	2	12	2	2	2	2	2	12	2	2	2	2	37	37	16	16	3	16	37	37	37	37	2	37	2	2	2	2	6	24	6	6	6	6	6	6	6	6
2150	6	6	6	6	6	6	4	4	16	3	3	3	4	4	37	37	4	4	12	37	2	2	2	2	2	2	2	19	2	2	2	2	77	77	2	12	12	77	2	2	4	4	15	2	4	16	4	21	77	77	2	2	4	4	53	77	6	53	2	15	2	12	2	2	2	77	2	2	2	2	2	12	2	2	2	2	37	37	16	16	3	16	37	37	37	37	2	37	2	2	2	2	6	2	6	6	6	6	6	6	6	6
2160	6	6	6	6	6	6	4	4	3	3	3	3	4	4	37	37	4	4	2	37	2	2	2	2	2	2	2	19	2	2	2	2	77	77	2	12	43	77	2	2	4	4	24	2	4	16	4	21	87	77	2	2	4	4	87	87	6	87	56	56	2	43	56	56	2	77	2	2	2	2	2	2	2	2	2	2	37	37	3	3	3	16	37	37	37	37	2	37	2	2	2	2	6	56	6	6	6	6	6	6	6	6
2170	6	6	6	6	6	6	4	4	3	3	3	3	4	4	37	37	4	4	2	37	2	2	2	2	2	2	2	19	2	2	2	2	77	77	3	12	12	77	2	2	4	4	2	2	16	16	4	21	15	77	2	2	4	16	15	15	24	15	15	15	2	12	2	15	2	77	2	2	2	2	2	2	2	2	2	2	37	37	3	3	3	16	37	37	37	37	37	37	2	37	2	2	2	2	6	24	6	6	6	6	6	6
2180	6	6	6	6	6	6	2	4	3	3	12	3	4	4	37	37	4	4	2	37	2	2	2	2	2	2	2	19	2	2	2	2	37	77	3	12	12	77	2	2	46	4	2	2	4	16	4	21	77	77	2	2	4	4	2	77	6	2	2	46	53	12	53	53	12	37	2	2	2	2	2	2	2	2	2	2	37	37	2	12	2	2	37	37	12	37	2	12	2	2	2	12	6	53	6	6	6	6	6	6	6	6
2190	6	6	6	6	6	6	4	4	3	3	3	3	4	4	37	37	4	4	37	37	2	2	2	2	2	2	19	19	2	2	2	2	77	77	3	12	12	77	2	2	2	4	2	2	16	16	4	21	12	77	24	2	3	16	2	12	24	24	2	2	12	12	12	12	2	77	2	2	19	19	2	37	2	19	2	2	37	37	3	3	3	16	15	37	15	15	2	15	2	2	2	2	2	12	6	24	6	6	6	6	6	6
2200	6	6	6	6	6	6	4	4	3	3	3	3	4	4	37	37	4	4	15	37	2	2	2	2	2	2	2	19	2	2	2	2	77	77	2	12	46	77	2	2	4	4	4	2	4	16	4	21	46	77	2	2	4	4	24	46	24	24	4	4	15	46	2	15	2	77	2	2	2	2	2	15	2	2	2	2	37	37	3	3	3	16	37	37	37	37	37	37	2	37	2	2	2	2	6	24	6	6	6	6	6	6
2210	6	6	6	6	6	6	16	4	3	3	3	3	4	4	15	37	4	4	37	37	2	2	2	2	2	2	19	19	2	2	2	2	77	77	3	12	2	77	2	2	4	4	15	2	16	16	4	21	37	77	2	2	3	16	24	37	6	24	15	15	2	2	2	15	2	77	2	2	19	19	2	37	2	19	2	2	15	15	3	3	4	16	15	15	15	15	2	15	2	2	2	2	6	2	6	6	6	6	6	6	6	6
2220	6	6	6	6	6	6	16	4	3	3	3	3	4	4	37	37	4	4	2	37	2	2	2	2	2	2	2	19	2	2	2	2	77	77	2	12	15	77	2	2	4	4	15	2	15	16	4	21	37	77	2	2	2	15	24	37	6	24	15	15	2	15	2	15	24	77	2	2	2	2	2	2	2	2	2	2	37	37	3	3	3	16	37	37	37	37	2	37	2	2	56	24	6	56	6	6	6	6	6	6	6	6
2230	6	6	6	6	6	6	4	4	16	3	3	3	4	4	37	37	4	4	2	37	2	2	2	2	2	2	2	19	2	2	2	2	77	77	2	12	2	77	2	2	4	4	2	2	4	16	4	21	87	77	2	2	4	4	24	87	6	24	15	15	2	2	9	15	2	77	2	2	2	2	2	2	2	2	2	2	15	37	16	16	4	16	15	15	15	15	2	15	2	2	2	2	1	9	6	23	6	6	6	6	6	6
2240	6	6	6	6	6	6	16	4	3	3	3	3	4	4	87	37	4	4	2	37	2	2	2	2	2	2	2	19	2	2	2	2	77	77	2	12	2	77	2	2	4	4	2	2	4	16	4	21	57	77	6	2	4	4	25	57	6	25	2	15	2	2	2	2	2	77	2	2	2	2	2	2	2	2	2	2	87	87	3	3	3	16	87	87	87	87	6	87	24	24	24	24	6	24	6	6	6	6	6	6	6	6
2250	6	6	6	6	6	6	4	4	16	3	3	3	4	4	37	37	4	4	2	37	2	2	2	2	2	2	2	19	2	2	2	2	37	77	2	12	77	77	2	2	4	4	4	2	16	16	4	21	12	77	2	2	3	16	2	12	24	2	4	4	15	77	2	15	15	37	2	2	2	2	2	2	2	2	2	2	37	37	16	16	3	16	37	37	37	37	2	37	2	2	2	15	2	2	6	24	6	6	6	6	6	6
2260	6	6	6	6	6	6	4	4	3	3	3	3	4	4	37	37	4	4	12	37	2	2	2	2	2	2	2	19	2	2	2	2	12	77	2	12	2	77	2	2	4	4	15	2	4	16	4	21	15	77	2	2	4	4	2	15	2	2	2	15	2	2	2	2	2	12	2	2	2	2	2	12	2	2	2	2	37	37	3	3	3	16	37	37	12	37	2	12	2	2	2	2	2	2	6	2	6	6	6	6	6	6
2270	6	6	6	6	6	6	3	4	3	3	3	3	4	4	37	37	4	4	12	37	2	2	2	2	2	2	19	19	2	2	2	2	3	77	12	12	15	77	2	2	2	4	2	2	37	16	4	21	2	77	2	2	12	37	2	12	2	2	2	2	2	15	2	2	2	12	2	2	19	19	2	12	2	19	2	2	37	37	3	3	3	3	37	37	37	37	2	37	2	2	2	2	24	2	6	24	6	6	6	6	6	6
2280	6	6	6	6	6	6	4	4	3	3	3	3	4	4	37	37	4	4	37	37	2	2	2	2	2	2	2	19	2	2	2	2	43	77	3	12	2	77	2	2	2	4	2	2	4	16	4	21	37	77	2	2	4	4	12	37	24	12	2	2	2	2	2	2	2	43	2	2	2	2	12	37	12	12	3	12	37	37	3	3	3	16	37	37	37	37	2	37	2	2	2	2	2	2	6	24	6	6	6	6	6	6
2290	6	6	6	6	6	6	3	4	3	3	3	3	4	4	37	37	4	4	12	37	2	2	2	2	2	2	19	19	2	2	2	2	43	77	2	12	2	77	2	2	15	4	2	2	4	16	4	21	37	77	2	2	4	4	15	37	56	15	2	15	2	2	2	2	2	43	2	2	19	19	2	12	2	19	2	2	37	37	3	3	3	3	15	37	15	15	2	15	2	2	2	2	2	2	6	56	6	6	6	6	6	6
2300	6	6	6	6	6	6	3	4	3	3	3	3	4	4	37	37	4	4	15	37	2	2	2	2	2	2	2	19	2	2	2	2	37	77	2	12	2	77	2	2	2	4	2	2	3	16	47	21	2	77	2	2	21	47	15	46	2	15	2	2	2	2	2	2	37	37	2	2	2	2	15	15	15	15	2	15	37	37	3	3	3	3	37	37	37	37	2	37	2	2	37	37	24	37	6	24	6	6	6	6	6	6
2310	6	6	6	6	6	6	3	4	3	3	3	3	4	4	37	37	4	4	37	37	2	2	2	2	2	2	2	19	2	2	2	2	2	77	2	12	37	77	2	2	2	4	2	2	4	16	4	21	77	77	2	2	4	4	37	77	2	37	2	2	87	37	56	87	2	2	2	2	2	2	15	37	2	15	2	2	37	37	3	3	3	3	37	37	37	37	2	37	2	2	2	2	24	56	6	24	6	6	6	6	6	6
2320	6	6	6	6	6	6	4	4	3	3	3	3	4	4	37	37	4	4	37	37	2	2	2	2	2	2	2	19	2	2	2	2	43	77	3	12	15	77	2	2	4	4	15	2	4	16	21	21	37	77	2	2	4	21	56	37	6	56	2	15	15	15	8	15	2	43	2	2	2	2	12	37	12	12	12	12	15	37	3	3	4	16	15	15	2	15	2	12	2	2	2	2	1	8	6	23	6	6	6	6	6	6
2330	6	6	6	6	6	6	4	4	3	3	3	3	4	4	37	37	4	4	2	37	2	2	2	2	2	2	2	19	2	2	2	2	2	77	2	12	2	77	9	2	15	4	2	2	16	16	4	21	37	77	2	2	3	16	2	37	2	2	15	15	2	9	2	15	24	2	2	2	2	2	2	2	2	2	2	2	37	37	3	3	3	16	15	37	15	15	2	15	2	2	24	24	24	24	6	24	6	6	6	6	6	6
2340	6	6	6	6	6	6	4	4	3	3	3	3	4	4	2	37	4	4	2	37	2	2	2	2	2	2	2	19	2	2	2	2	2	77	2	12	2	77	2	2	6	4	2	2	3	16	3	21	12	77	2	2	3	3	2	12	2	2	24	24	2	2	24	24	2	2	2	2	2	2	2	2	2	2	2	2	37	15	3	3	3	16	37	37	37	37	2	37	2	2	2	2	24	24	6	24	6	6	6	6	6	6
2350	6	6	6	6	6	6	3	4	3	3	3	3	4	4	37	37	4	4	2	37	2	2	2	2	2	2	2	19	2	2	2	2	37	77	2	12	12	77	2	2	2	4	2	2	37	16	4	21	2	77	2	2	12	37	2	12	2	2	2	2	2	12	2	2	3	37	2	2	2	2	2	2	2	2	2	2	37	37	3	3	3	3	37	37	37	37	12	37	12	12	12	12	2	12	6	2	6	6	6	6	6	6
2360	6	6	6	6	6	6	4	4	3	3	3	3	4	4	37	37	4	4	2	37	2	2	2	2	2	2	2	19	2	2	2	2	46	77	2	12	2	77	2	2	4	4	2	2	4	16	21	21	37	77	2	2	4	21	2	37	2	2	2	15	2	2	2	2	2	46	2	2	2	2	2	2	2	2	2	2	37	37	3	3	3	16	37	37	15	37	2	15	2	2	2	2	2	2	6	2	6	6	6	6	6	6
2370	6	6	6	6	6	6	4	4	3	3	3	3	4	4	37	37	4	4	37	37	2	2	2	2	2	2	2	19	2	2	2	2	37	77	2	12	2	77	2	2	4	4	2	2	4	16	4	21	77	77	2	2	4	4	66	77	2	66	2	15	2	2	2	2	2	37	2	2	2	2	2	37	2	2	2	2	37	37	3	3	4	16	37	37	37	37	2	37	2	2	2	2	24	2	6	24	6	6	6	6	6	6
2380	6	6	6	6	6	6	3	4	3	3	3	3	4	4	37	37	4	4	2	37	2	2	2	2	2	2	2	19	2	2	2	2	3	77	12	12	2	77	2	2	4	4	2	2	4	16	4	21	37	77	2	2	4	4	87	37	24	87	2	15	2	2	2	2	2	12	2	2	2	2	2	2	2	2	2	2	37	37	3	3	3	3	37	37	37	37	2	37	2	2	2	2	2	2	6	24	6	6	6	6	6	6
2390	6	6	6	6	6	6	4	4	3	3	3	3	4	4	37	37	4	4	12	37	2	2	2	2	2	2	2	19	2	2	24	2	77	77	2	12	2	77	2	2	4	4	2	2	4	16	4	21	87	77	2	2	4	4	53	87	6	53	2	15	2	2	2	2	2	77	2	2	2	2	2	12	2	2	2	2	37	37	3	3	4	16	37	37	37	37	2	37	24	24	24	24	6	24	6	6	6	6	6	6	6	6
2400	6	6	6	6	6	6	4	4	3	3	3	3	4	4	2	37	4	4	12	37	2	2	2	2	2	2	2	19	2	2	2	2	37	77	2	12	12	77	2	2	4	4	2	2	16	16	4	21	37	77	2	2	3	16	2	37	2	2	24	15	2	12	24	24	2	37	2	2	2	2	2	12	2	2	2	2	4	15	3	3	4	16	4	4	4	4	2	15	2	2	2	2	24	24	6	24	6	6	6	6	6	6
2410	6	6	6	6	6	6	4	4	3	3	3	3	4	4	37	37	4	4	2	37	2	2	2	2	2	2	2	19	2	2	2	2	77	77	2	12	2	77	2	2	15	4	2	2	4	16	4	21	15	77	2	2	4	4	2	15	2	2	2	15	2	2	2	2	53	77	2	2	2	2	2	2	2	2	2	2	37	37	3	3	3	16	37	37	37	37	2	37	2	2	53	53	24	53	6	24	6	6	6	6	6	6
2420	6	6	6	6	6	6	4	4	3	3	3	3	4	4	15	37	4	4	2	37	2	2	2	2	2	2	2	19	2	2	2	2	37	77	2	12	2	77	2	2	4	4	2	2	4	16	4	21	37	77	2	2	4	4	2	37	24	2	2	15	2	2	2	2	2	37	2	2	2	2	2	2	2	2	2	2	15	15	3	3	4	16	15	15	15	15	2	15	2	2	2	2	2	2	6	24	6	6	6	6	6	6
2430	6	6	6	6	6	6	4	4	3	3	3	3	4	4	12	37	4	4	2	37	2	2	2	2	2	2	2	19	2	2	2	2	19	77	2	12	2	77	2	2	4	4	2	2	4	16	4	21	37	77	6	2	4	4	12	37	6	53	2	15	2	2	2	2	2	19	2	2	2	2	2	2	2	2	2	2	37	37	3	3	3	16	37	37	37	37	2	37	2	2	2	2	2	2	6	24	6	6	6	6	6	6
2440	6	6	6	6	6	6	4	4	3	3	3	3	4	4	15	37	4	4	2	37	2	2	2	2	2	2	2	19	2	2	2	2	43	77	3	12	37	77	2	2	4	4	2	2	4	16	21	21	37	77	2	2	4	21	12	37	24	12	4	15	37	37	2	37	2	43	2	2	2	2	2	2	2	2	2	2	2	15	3	3	16	16	37	37	37	37	2	37	2	2	2	2	2	2	6	24	6	6	6	6	6	6
2450	6	6	6	6	6	6	3	4	3	3	3	3	4	4	37	37	4	4	15	37	2	2	2	2	2	2	2	19	2	2	2	2	19	77	2	12	2	77	2	2	2	4	56	2	4	16	4	21	37	77	2	2	4	4	2	37	6	2	56	56	2	2	56	56	2	19	2	2	2	2	2	15	2	2	2	2	37	37	3	3	3	3	37	37	37	37	2	37	2	2	2	2	6	56	6	6	6	6	6	6	6	6
2460	6	6	6	6	6	6	16	4	3	3	3	3	4	4	37	37	4	4	12	37	2	2	2	2	2	2	19	19	2	2	2	2	37	77	2	12	12	77	2	2	15	4	2	2	4	16	4	21	15	77	2	2	4	4	24	15	24	24	2	15	2	12	2	2	2	37	2	2	19	19	2	12	2	19	2	2	37	37	3	3	3	16	37	37	37	37	2	37	2	2	2	2	2	2	6	24	6	6	6	6	6	6
2470	6	6	6	6	6	6	3	4	3	3	3	3	4	4	67	37	4	4	2	37	2	2	2	2	2	2	2	19	2	2	2	2	15	77	2	12	2	77	2	2	15	4	2	2	16	16	4	21	37	77	2	2	3	16	12	37	2	12	2	15	2	2	24	2	2	15	2	2	2	2	2	2	2	2	2	2	67	67	3	3	3	3	67	67	67	67	2	67	2	2	2	2	24	24	6	24	6	6	6	6	6	6
2480	6	6	6	6	6	6	4	4	3	3	3	3	4	4	4	37	4	4	2	37	2	2	2	2	2	2	2	19	2	2	2	2	37	77	2	12	37	77	2	2	26	4	2	2	26	16	6	21	37	77	2	2	6	26	87	87	6	87	56	56	2	37	56	56	2	37	2	2	2	2	2	2	2	2	2	2	4	4	3	3	16	16	16	16	16	16	12	37	2	12	2	2	6	56	6	6	6	6	6	6	6	6
2490	6	6	6	6	6	6	3	4	3	3	3	3	4	4	12	37	4	4	2	37	2	2	2	2	2	2	2	19	2	2	2	2	37	77	3	12	2	77	2	2	2	4	2	2	4	16	4	21	37	77	2	2	4	4	2	37	2	2	2	2	2	2	2	2	2	37	2	2	2	2	2	2	2	2	2	2	37	37	3	3	3	3	37	37	37	37	2	37	2	2	2	2	24	2	6	24	6	6	6	6	6	6
2500	6	6	6	6	6	6	16	4	3	3	3	3	4	4	4	37	4	4	15	37	2	2	2	2	2	2	2	19	2	2	2	2	37	77	2	12	2	77	2	2	2	4	2	2	3	16	3	21	3	77	2	2	3	3	2	3	2	2	2	2	2	2	2	2	2	37	2	2	2	2	15	15	15	15	2	15	4	4	3	3	16	16	16	16	2	16	2	2	2	2	2	2	24	2	6	24	6	6	6	6	6	6
2510	6	6	6	6	6	6	4	4	3	3	3	3	4	4	37	37	4	4	12	37	2	2	2	2	2	2	2	19	2	2	2	2	2	77	2	12	15	77	2	2	15	4	2	2	16	16	4	21	2	77	6	2	12	16	2	12	6	24	2	15	2	15	2	2	2	2	2	2	2	2	2	12	2	2	2	2	37	37	3	3	3	16	37	37	37	37	2	37	2	2	2	2	6	2	6	6	6	6	6	6	6	6
2520	6	6	6	6	6	6	4	4	3	3	3	3	4	4	37	37	4	4	12	37	2	2	2	2	2	2	2	19	2	2	2	2	3	77	12	12	2	77	2	2	4	4	2	2	16	16	4	21	37	77	2	2	3	16	53	37	24	53	2	15	2	2	2	2	2	12	2	2	2	2	2	12	2	2	2	2	2	37	3	3	16	16	37	37	37	37	2	37	2	2	2	2	2	2	6	24	6	6	6	6	6	6
2530	6	6	6	6	6	6	4	4	3	3	3	3	4	4	37	37	4	4	2	37	2	2	2	2	2	2	2	19	2	2	2	2	43	77	2	12	2	77	2	2	4	4	2	2	16	16	4	21	12	77	2	2	3	16	2	12	2	2	24	15	2	2	24	24	2	43	2	2	2	2	2	2	2	2	2	2	37	37	3	3	3	16	37	37	37	37	2	37	2	2	2	2	24	24	6	24	6	6	6	6	6	6
2540	6	6	6	6	6	6	3	4	3	3	3	3	4	4	37	37	2	4	2	37	2	2	2	2	2	2	2	19	2	2	2	2	12	77	2	12	77	77	2	2	4	4	15	2	4	16	4	21	37	77	2	2	4	4	2	37	2	2	15	15	2	77	2	15	2	12	2	2	2	2	2	2	2	2	2	2	37	37	3	3	3	3	37	37	37	37	53	37	53	53	53	53	53	53	6	53	6	6	6	6	6	6
2550	6	6	6	6	6	6	4	4	3	3	16	3	4	4	37	37	4	4	12	37	2	2	2	2	2	2	2	19	2	2	2	2	77	77	2	12	15	77	2	2	4	4	2	2	4	16	4	21	37	77	2	2	4	4	2	37	2	2	15	15	2	15	2	15	12	77	2	2	2	2	12	12	12	12	2	12	37	37	16	16	3	16	37	37	37	37	2	37	2	2	2	12	2	2	6	2	6	6	6	6	6	6
2560	6	6	6	6	6	6	3	4	3	3	3	3	4	4	37	37	4	4	12	37	2	2	2	2	2	2	2	19	2	2	24	2	2	77	2	12	12	77	2	2	15	4	2	2	37	16	4	21	2	77	2	2	12	37	2	12	2	2	2	15	2	12	2	2	2	2	2	2	2	2	2	12	2	2	2	2	37	37	3	3	3	3	37	37	12	37	2	12	24	24	24	24	24	24	6	24	6	6	6	6	6	6
2570	6	6	6	6	6	6	3	4	3	3	3	3	4	4	37	37	4	4	12	37	2	2	2	2	2	2	2	19	2	2	2	2	46	77	2	12	77	77	2	2	2	4	2	2	4	16	4	21	37	77	2	2	4	4	24	37	24	24	2	2	37	77	2	37	2	46	2	2	2	2	2	12	2	2	2	2	37	37	3	3	3	3	37	37	15	37	2	15	2	2	2	2	2	2	6	24	6	6	6	6	6	6
2580	6	6	6	6	6	6	4	4	3	3	3	3	4	4	15	37	4	4	12	37	2	2	2	2	2	2	2	19	2	2	2	2	43	77	2	12	19	77	2	2	4	4	2	2	3	16	4	21	12	77	2	2	3	16	2	12	24	2	2	15	2	19	2	2	2	43	2	2	2	2	2	12	2	2	2	2	15	15	3	3	4	16	15	15	2	15	2	2	2	2	2	2	2	2	6	24	6	6	6	6	6	6
2590	6	6	6	6	6	6	3	4	3	3	3	3	4	4	37	37	4	4	2	37	2	2	2	2	2	2	2	19	2	2	2	2	37	77	2	12	37	77	2	2	2	4	2	2	16	16	4	21	12	77	2	2	3	16	2	12	24	2	2	2	15	37	2	15	2	37	2	2	2	2	2	2	2	2	2	2	37	37	3	3	3	3	37	37	37	37	12	37	12	12	2	12	2	2	6	24	6	6	6	6	6	6
2600	6	6	6	6	6	6	16	4	3	3	3	3	4	4	37	37	4	4	2	37	2	2	2	2	2	2	2	19	2	2	2	2	43	77	2	12	2	77	2	2	2	4	24	2	4	16	4	21	56	77	6	2	4	4	6	56	6	6	24	24	2	2	24	24	2	43	2	2	2	2	2	2	2	2	2	2	37	37	3	3	3	16	37	37	37	37	2	37	2	2	2	2	6	24	6	6	6	6	6	6	6	6
2610	6	6	6	6	6	6	16	4	3	3	3	3	4	4	37	37	4	4	2	37	2	2	2	2	2	2	2	19	2	2	2	2	43	77	2	12	2	77	2	2	2	4	2	2	16	16	4	21	53	77	6	2	3	16	6	53	6	6	2	2	2	2	2	2	6	43	2	2	2	2	2	2	2	2	2	2	37	37	3	3	3	16	37	37	37	37	12	37	2	12	24	24	6	24	6	6	6	6	6	6	6	6
2620	6	6	6	6	6	6	4	4	3	3	3	3	4	4	37	37	4	4	2	37	2	2	2	2	2	2	2	19	2	2	2	2	2	77	2	12	2	77	2	2	4	4	2	2	4	16	21	21	87	77	2	2	4	21	87	87	6	87	2	15	2	2	2	2	24	2	2	2	2	2	2	2	2	2	2	2	37	37	3	3	3	16	37	37	2	37	2	2	2	2	24	24	6	24	6	6	6	6	6	6	6	6
2630	6	6	6	6	6	6	4	4	3	3	3	3	4	4	37	37	4	4	2	37	2	2	2	2	2	2	2	19	2	2	2	2	77	77	2	12	12	77	2	2	15	4	2	2	4	16	4	21	15	77	2	2	4	4	2	15	2	2	2	15	12	12	2	12	24	77	2	2	2	2	2	2	2	2	2	2	37	37	3	3	3	16	15	37	15	15	2	15	2	2	24	24	24	24	6	24	6	6	6	6	6	6
2640	6	6	6	6	6	6	4	4	3	3	3	3	4	4	15	37	4	4	2	37	2	2	2	2	2	2	2	19	2	2	2	2	77	77	2	12	77	77	2	2	4	4	15	2	16	16	4	21	12	77	2	2	3	16	2	12	6	2	2	15	12	77	2	12	2	77	2	2	2	2	2	2	2	2	2	2	15	15	3	3	4	16	15	15	15	15	2	15	2	2	2	2	6	2	6	6	6	6	6	6	6	6
2650	6	6	6	6	6	6	3	4	3	3	3	3	4	4	87	37	4	4	2	37	2	2	2	2	2	2	2	19	2	2	2	2	15	77	2	12	77	77	2	2	4	4	15	2	4	16	4	21	87	77	2	2	4	4	24	87	6	24	4	15	37	77	2	37	4	15	2	2	2	2	2	2	2	2	2	2	87	87	3	3	3	3	87	87	87	87	56	87	56	56	56	56	6	56	6	6	6	6	6	6	6	6
2660	6	6	6	6	6	6	4	4	16	3	3	3	4	4	37	37	4	4	2	37	2	2	2	2	2	2	2	19	2	2	2	2	37	77	2	12	12	77	2	2	4	4	2	2	3	16	3	21	12	77	24	2	3	3	2	12	6	24	15	15	2	12	2	15	2	37	2	2	2	2	2	2	2	2	2	2	37	37	16	16	4	16	37	37	37	37	2	37	2	2	2	2	6	2	6	6	6	6	6	6	6	6
2670	6	6	6	6	6	6	3	4	3	3	3	3	4	4	37	37	4	4	2	37	2	2	2	2	2	2	19	19	2	2	2	2	43	77	3	12	2	77	2	2	2	4	2	2	4	16	4	21	87	77	2	2	4	4	87	87	56	87	2	2	2	2	2	2	3	43	2	2	19	19	2	2	19	19	2	19	37	37	3	3	3	3	37	37	37	37	12	37	12	12	2	12	2	2	6	56	6	6	6	6	6	6
2680	6	6	6	6	6	6	3	4	3	3	3	3	4	4	37	37	4	4	15	37	2	2	2	2	2	2	2	19	2	2	2	2	77	77	2	12	77	77	2	2	4	4	2	2	4	16	4	21	15	77	15	2	4	4	2	15	15	15	2	15	77	77	15	77	2	77	2	2	2	2	15	15	15	15	15	15	37	37	3	3	3	3	4	37	4	4	2	15	2	2	2	2	2	15	6	15	6	6	6	6	6	6
2690	6	6	6	6	6	6	4	4	3	3	25	3	4	4	15	37	4	4	2	37	2	2	2	2	2	2	2	19	2	2	2	2	37	77	2	12	37	77	2	2	4	4	2	2	4	16	4	21	37	77	2	2	4	4	12	37	6	12	15	15	2	37	2	15	2	37	2	2	2	2	2	2	2	2	2	2	15	15	6	25	6	26	56	56	24	56	24	24	24	24	6	24	6	24	6	6	6	6	6	6	6	6
2700	6	6	6	6	6	6	3	4	3	3	3	3	4	4	37	37	4	4	37	37	2	2	2	2	2	2	2	19	2	2	2	2	2	77	2	12	77	77	2	2	4	4	15	2	4	16	4	21	26	77	6	2	4	4	6	26	6	6	2	15	87	77	87	87	2	2	2	2	2	2	2	37	2	2	2	2	37	37	3	3	3	3	37	37	12	37	2	12	2	2	2	2	6	87	6	6	6	6	6	6	6	6
2710	6	6	6	6	6	6	3	4	3	3	3	3	4	4	37	37	4	4	2	37	2	2	2	2	2	2	2	19	2	2	2	2	77	77	2	12	37	77	2	2	15	4	2	2	16	16	3	21	77	77	24	2	3	16	2	77	6	24	2	15	2	37	2	2	60	77	2	2	2	2	2	2	2	2	2	2	37	37	3	3	3	3	37	37	37	37	2	37	2	2	24	60	6	24	6	6	6	6	6	6	6	6
2720	6	6	6	6	6	6	4	4	16	3	3	3	4	4	37	37	4	4	2	37	2	2	2	2	2	2	2	19	2	2	2	2	2	77	12	12	2	77	2	2	26	4	2	2	4	16	26	21	4	77	6	2	26	26	6	26	6	6	56	56	2	2	56	56	2	12	2	2	2	2	2	2	2	2	2	2	37	37	4	16	4	4	15	37	15	15	2	15	2	2	2	2	6	56	6	6	6	6	6	6	6	6
2730	6	6	6	6	6	6	3	4	3	3	3	3	4	4	37	37	4	4	15	37	2	2	2	2	2	2	2	19	2	2	2	2	77	77	3	12	19	77	2	2	2	4	2	2	4	16	4	21	96	77	2	2	4	4	56	96	6	56	2	2	19	19	2	19	60	77	2	2	2	2	2	15	2	2	2	2	37	37	3	3	3	3	37	37	2	37	2	2	2	2	24	60	6	24	6	6	6	6	6	6	6	6
2740	6	6	6	6	6	6	4	4	3	3	3	3	4	4	37	37	4	4	2	37	2	2	2	2	2	2	2	19	2	2	2	2	12	77	3	12	15	77	2	2	2	4	2	2	3	16	27	21	6	77	6	2	25	61	6	25	6	6	2	2	2	15	24	2	2	12	2	2	2	2	2	2	2	2	2	2	15	37	3	3	4	16	15	15	15	15	2	15	2	2	2	2	6	24	6	6	6	6	6	6	6	6
2750	6	6	6	6	6	6	4	4	3	3	3	3	4	4	37	37	4	4	2	37	2	2	2	2	2	2	2	19	2	2	2	2	2	77	2	12	2	77	2	2	4	4	2	2	4	16	4	21	87	77	2	2	4	4	53	87	24	53	15	15	2	2	2	15	2	2	2	2	2	2	2	2	2	2	2	2	37	37	3	3	3	16	37	37	15	37	2	15	2	2	2	2	2	2	6	24	6	6	6	6	6	6
2760	6	6	6	6	6	6	4	4	3	3	3	3	4	4	37	37	4	4	2	37	2	2	2	2	2	2	2	19	2	2	2	2	12	77	3	12	12	77	2	2	4	4	2	2	4	16	4	21	26	77	24	2	4	4	6	26	6	24	2	15	2	12	2	2	2	12	2	2	2	2	2	2	2	2	2	2	87	37	3	3	3	16	87	87	87	87	53	87	53	53	53	53	6	53	6	6	6	6	6	6	6	6
2770	6	6	6	6	6	6	3	4	3	3	3	3	4	4	87	37	4	4	2	37	2	2	2	2	2	2	2	19	2	2	2	2	77	77	2	12	77	77	2	2	15	4	2	2	4	16	4	21	87	77	2	2	4	4	24	87	6	24	15	15	2	77	2	15	2	77	2	2	2	2	2	2	2	2	2	2	87	87	3	3	3	3	87	87	87	87	87	87	87	87	87	87	6	87	6	6	6	6	6	6	6	6
2780	6	6	6	6	6	6	16	4	3	3	3	3	4	4	87	37	4	4	2	37	2	2	2	2	2	2	2	19	2	2	2	2	77	77	2	12	37	77	2	2	4	4	2	2	16	16	4	21	2	77	24	2	16	16	2	37	6	24	2	15	2	37	2	2	2	77	2	2	2	2	2	2	2	2	2	2	87	87	3	3	3	16	87	87	87	87	53	87	53	53	53	53	6	53	6	6	6	6	6	6	6	6
2790	6	6	6	6	6	6	4	4	3	3	3	3	4	4	37	37	4	4	2	37	2	2	2	2	2	2	2	19	2	2	2	2	2	77	2	12	2	77	2	2	4	4	2	2	4	16	4	21	37	77	2	2	4	4	37	37	24	37	15	15	2	2	2	15	2	2	2	2	2	2	2	2	2	2	2	2	37	37	3	3	3	16	37	37	37	37	37	37	37	37	37	37	2	37	6	24	6	6	6	6	6	6
2800	6	6	6	6	6	6	4	4	3	3	16	3	4	4	37	37	4	4	12	37	2	2	2	2	2	2	2	19	2	2	2	2	12	77	2	12	12	77	2	2	4	4	15	2	4	16	4	21	15	77	2	2	4	4	2	15	2	2	2	15	12	12	2	12	2	12	2	2	2	2	2	12	2	2	2	2	37	37	4	16	4	4	37	37	12	37	2	12	2	2	2	2	24	2	6	24	6	6	6	6	6	6
2810	6	6	6	6	6	6	3	4	3	3	3	3	4	4	37	37	4	4	2	37	2	2	2	2	2	2	2	19	2	2	2	2	43	77	2	12	37	77	2	2	2	4	2	2	4	16	4	21	67	77	1	2	4	4	67	67	23	67	2	2	15	37	2	15	8	43	2	2	2	2	2	2	2	2	2	2	37	37	3	3	3	3	37	37	37	37	12	37	2	12	8	8	1	8	6	23	6	6	6	6	6	6
2820	6	6	6	6	6	6	3	4	3	3	3	3	4	4	12	37	4	4	12	37	2	2	2	2	2	2	2	19	2	2	2	2	37	77	2	12	19	77	2	2	2	4	2	2	4	16	21	21	37	77	2	2	4	21	37	37	2	37	2	2	2	19	2	2	12	37	2	2	2	2	2	12	2	2	2	2	37	37	3	3	3	3	37	37	37	37	2	37	2	2	12	12	24	12	6	24	6	6	6	6	6	6
2830	6	6	6	6	6	6	16	4	3	3	3	3	4	4	37	37	4	4	77	37	2	2	2	2	2	2	2	19	2	2	2	2	2	77	2	12	12	77	2	2	4	4	15	2	4	16	4	21	37	77	2	2	4	4	2	37	2	2	2	15	53	12	24	53	2	2	2	2	2	2	12	77	12	12	2	12	37	37	3	3	3	16	15	37	15	15	2	15	2	2	2	2	24	24	6	24	6	6	6	6	6	6
2840	6	6	6	6	6	6	3	4	3	3	3	3	4	4	37	37	4	4	2	37	2	2	2	2	2	2	2	19	2	2	2	2	2	77	2	12	2	77	2	2	6	4	2	2	3	16	6	21	3	77	6	2	25	25	6	25	6	6	24	24	2	2	2	24	2	2	2	2	2	2	2	2	2	2	2	2	37	37	3	3	3	3	37	37	12	37	2	12	2	2	2	2	2	2	6	24	6	6	6	6	6	6
2850	6	6	6	6	6	6	16	4	3	3	3	3	4	4	37	37	4	4	15	37	2	2	2	2	2	2	2	19	2	2	2	2	37	77	2	12	2	77	2	2	4	4	15	2	4	16	4	21	15	77	2	2	4	4	2	15	2	2	2	15	2	2	2	2	2	37	2	2	2	2	2	15	2	2	2	2	37	37	3	3	4	16	37	37	37	37	2	37	2	2	2	2	24	2	6	24	6	6	6	6	6	6
2860	6	6	6	6	6	6	4	4	3	3	16	3	4	4	77	37	4	4	2	37	2	2	2	2	2	2	2	19	2	2	2	2	2	77	2	12	2	77	2	2	2	4	2	2	3	16	15	21	2	77	2	2	37	37	37	37	24	37	2	2	2	2	2	2	2	2	2	2	2	2	2	2	2	2	2	2	37	77	16	16	3	16	37	37	37	37	2	37	2	2	2	2	2	2	6	24	6	6	6	6	6	6
2870	6	6	6	6	6	6	3	4	3	3	3	3	4	4	37	37	4	4	2	37	2	2	2	2	2	2	2	19	2	2	2	2	2	77	24	12	46	77	2	2	4	4	15	2	16	16	4	21	12	77	2	2	3	16	2	12	2	2	2	15	15	46	2	15	24	24	2	2	2	2	2	2	2	2	2	2	37	37	3	3	3	3	37	37	37	37	2	37	2	2	24	24	24	24	6	24	6	6	6	6	6	6
2880	6	6	6	6	6	6	16	4	3	3	3	3	4	4	87	37	4	4	37	37	2	2	2	2	2	2	2	19	2	2	2	2	37	77	2	12	77	77	2	2	15	4	2	2	4	16	4	21	15	77	2	2	4	4	15	15	2	15	2	15	37	77	2	37	3	37	2	2	2	2	2	37	2	2	2	2	87	87	3	3	3	16	87	87	87	87	87	87	87	87	87	87	87	87	6	87	6	6	6	6	6	6
2890	6	6	6	6	6	6	4	4	3	3	3	3	4	4	16	37	4	4	2	37	2	2	2	2	2	2	19	19	2	2	2	2	77	77	2	12	2	77	2	2	4	4	2	2	4	16	4	21	37	77	2	2	4	4	37	37	2	37	56	15	2	2	56	56	2	77	2	2	2	19	2	2	2	2	2	2	3	16	3	3	16	16	16	16	16	16	2	37	2	2	2	2	24	56	6	24	6	6	6	6	6	6
2900	6	6	6	6	6	6	4	4	3	3	3	3	4	4	37	37	4	4	37	37	2	2	2	2	2	2	2	19	2	2	2	2	37	77	2	12	2	77	2	2	2	4	2	2	16	16	4	21	12	77	24	2	3	16	2	12	24	24	2	2	2	2	2	2	2	37	2	2	2	2	12	37	2	12	2	2	12	37	4	3	4	4	37	37	37	37	2	37	2	2	2	2	2	2	6	24	6	6	6	6	6	6
2910	6	6	6	6	6	6	4	4	3	3	3	3	4	4	15	37	4	4	2	37	2	2	2	2	2	2	2	19	2	2	2	2	43	77	3	12	2	77	2	2	15	4	2	2	3	16	3	21	12	77	2	2	3	3	2	12	2	2	2	15	2	2	2	2	2	43	2	2	2	2	2	2	2	2	2	2	15	15	3	3	4	16	15	15	15	15	2	15	2	2	2	2	2	2	6	2	6	6	6	6	6	6
2920	6	6	6	6	6	6	4	4	3	3	3	3	4	4	15	37	4	4	37	37	2	2	2	2	2	2	2	19	2	2	2	2	77	77	2	12	2	77	24	2	4	4	2	2	4	16	4	21	77	77	2	2	4	4	15	77	6	15	2	15	24	24	24	24	2	77	2	2	2	2	37	37	37	37	43	37	4	15	3	3	16	16	16	16	3	16	2	43	2	2	2	2	6	24	6	6	6	6	6	6	6	6
2930	6	6	6	6	6	6	3	4	3	3	3	3	4	4	37	37	4	4	2	37	2	2	2	2	2	2	2	19	2	2	2	2	43	77	3	12	77	77	2	2	15	4	2	2	4	16	4	21	87	77	2	2	4	4	87	87	24	87	2	15	37	77	15	37	2	43	2	2	2	2	2	2	2	2	2	2	37	37	3	3	3	3	37	37	37	37	2	37	2	2	2	2	2	15	6	24	6	6	6	6	6	6
2940	6	6	6	6	6	6	3	4	3	3	3	3	4	4	37	37	4	4	2	37	2	2	2	2	2	2	2	19	2	2	2	2	43	77	2	12	15	77	2	2	2	4	2	2	3	16	3	21	37	77	2	2	3	3	12	37	2	12	2	2	2	15	2	2	19	43	2	2	2	2	2	2	2	2	2	2	37	37	3	3	3	3	37	37	37	37	2	37	2	2	19	19	24	19	6	24	6	6	6	6	6	6
2950	6	6	6	6	6	6	4	4	3	3	3	3	4	4	37	37	4	4	2	37	2	2	2	2	2	2	2	19	2	2	2	2	19	77	2	12	2	77	2	2	4	4	2	2	4	16	4	21	15	77	2	2	4	4	2	15	24	2	15	15	2	2	2	15	2	19	2	2	2	2	2	2	2	2	2	2	37	37	3	3	3	16	37	37	37	37	2	37	2	2	2	2	2	2	6	24	6	6	6	6	6	6
2960	6	6	6	6	6	6	4	4	16	3	3	3	4	4	37	37	4	4	12	37	2	2	2	2	2	2	2	19	2	2	2	2	77	77	2	12	43	77	2	2	15	4	2	2	3	16	3	21	87	77	2	2	3	3	87	87	56	87	2	15	2	43	2	2	2	77	2	2	2	2	2	12	2	2	2	2	15	37	4	16	4	4	15	15	15	15	15	15	15	15	15	15	2	15	6	56	6	6	6	6	6	6
2970	6	6	6	6	6	6	3	4	3	3	3	3	4	4	37	37	4	4	2	37	2	2	2	2	2	2	19	19	2	2	2	2	2	77	12	12	2	77	2	2	4	4	2	2	16	16	4	21	12	77	24	2	3	16	2	12	24	24	2	15	2	2	2	2	2	12	2	2	2	19	2	2	2	2	2	2	37	37	3	3	3	3	37	37	2	37	2	2	2	2	2	2	2	2	6	24	6	6	6	6	6	6
2980	6	6	6	6	6	6	4	4	3	3	3	3	4	4	37	37	4	4	15	37	2	2	2	2	2	2	2	19	2	2	2	2	37	77	3	12	12	77	2	2	4	4	15	2	4	16	4	21	24	77	2	2	4	4	56	56	6	56	15	15	2	12	2	15	2	37	2	2	2	2	2	15	2	2	2	2	37	37	3	3	3	16	37	37	12	37	2	12	2	2	2	2	2	2	6	24	6	6	6	6	6	6
2990	6	6	6	6	6	6	4	4	3	3	3	3	4	4	37	37	4	4	12	37	2	2	2	2	2	2	2	19	2	2	2	2	77	77	2	12	2	77	2	2	2	4	2	2	16	16	4	21	15	77	2	2	4	16	24	15	24	24	2	2	2	2	2	2	2	77	2	2	2	2	2	12	2	2	2	2	37	37	3	3	3	16	37	37	2	37	2	2	2	2	2	2	2	2	6	24	6	6	6	6	6	6
3000	6	6	6	6	6	6	4	4	3	3	3	3	4	4	37	37	4	4	2	37	2	2	2	2	2	2	2	19	2	2	2	2	12	77	2	12	37	77	2	2	4	4	2	2	16	16	4	21	37	77	2	2	3	16	2	37	24	2	2	15	3	37	2	12	2	12	2	2	2	2	2	2	2	2	2	2	37	37	3	3	3	16	37	37	37	37	2	37	2	2	2	2	2	2	6	24	6	6	6	6	6	6
3010	6	6	6	6	6	6	3	4	3	3	3	3	4	4	37	37	4	4	2	37	2	2	2	2	2	2	2	19	2	2	2	2	37	77	2	12	15	77	2	2	4	4	15	2	3	16	20	21	12	77	2	2	3	20	43	12	2	43	2	15	2	15	2	2	2	37	2	2	2	2	2	2	2	2	2	2	37	37	3	3	3	3	37	37	37	37	2	37	2	2	2	2	24	2	6	24	6	6	6	6	6	6
3020	6	6	6	6	6	6	3	4	3	3	3	3	4	4	37	37	4	4	37	37	2	2	2	2	2	2	2	19	2	2	2	2	37	77	3	12	2	77	2	2	2	4	2	2	4	16	4	21	15	77	2	2	4	4	2	15	24	2	2	2	2	2	2	2	3	37	2	2	2	2	2	37	2	2	2	2	37	37	3	3	3	3	37	37	37	37	12	37	12	12	2	12	2	2	6	24	6	6	6	6	6	6
3030	6	6	6	6	6	6	3	4	3	3	3	3	4	4	77	37	4	4	2	37	2	2	2	2	2	2	2	19	2	2	2	2	2	77	2	12	93	77	2	2	2	4	2	2	16	16	4	21	12	77	2	2	3	16	12	12	2	12	2	2	87	93	96	87	12	2	2	2	2	2	2	2	2	2	2	2	37	77	3	3	3	3	15	37	15	15	2	15	2	2	2	12	56	96	6	56	6	6	6	6	6	6
3040	6	6	6	6	6	6	3	4	3	3	3	3	4	4	37	37	4	4	37	37	2	2	2	2	2	2	2	19	2	2	2	2	2	77	2	12	15	77	2	2	4	4	15	2	16	16	4	21	12	77	2	2	3	16	2	12	2	2	2	15	2	15	2	2	2	2	2	2	2	2	2	37	2	2	2	2	37	37	3	3	3	3	37	37	37	37	2	37	2	2	2	2	2	2	6	2	6	6	6	6	6	6
3050	6	6	6	6	6	6	16	4	3	3	3	3	4	4	37	37	4	4	2	37	2	2	2	2	2	2	2	19	2	2	2	2	12	77	2	12	12	77	2	2	4	4	15	2	16	16	4	21	12	77	2	2	3	16	2	12	2	2	2	15	2	12	2	2	24	12	2	2	2	2	2	2	2	2	2	2	37	37	3	3	4	16	37	37	37	37	2	37	2	2	24	24	24	24	6	24	6	6	6	6	6	6
3060	6	6	6	6	6	6	3	4	3	3	3	3	4	4	37	37	4	4	37	37	2	2	2	2	2	2	2	19	2	2	2	2	43	77	2	12	37	77	2	2	4	4	15	2	16	16	4	21	12	77	2	2	3	16	2	12	24	2	2	15	12	37	2	12	2	43	2	2	2	2	12	37	12	12	2	12	37	37	3	3	3	3	37	37	37	37	2	37	2	2	2	2	2	2	6	24	6	6	6	6	6	6
3070	6	6	6	6	6	6	4	4	3	3	3	3	4	4	37	37	4	4	2	37	2	2	2	2	2	2	2	19	2	2	2	2	37	77	3	12	12	77	2	2	4	4	2	2	4	16	4	21	12	77	2	2	26	4	53	87	24	53	2	15	2	12	2	2	2	37	2	2	2	2	2	2	2	2	2	2	15	37	3	3	4	16	15	15	15	15	2	15	2	2	2	2	2	2	6	24	6	6	6	6	6	6
3080	6	6	6	6	6	6	4	4	3	3	3	3	4	4	37	37	4	4	2	37	2	2	2	2	2	2	2	19	2	2	2	2	2	77	2	12	2	77	2	2	4	4	2	2	15	16	4	21	37	77	2	2	2	15	12	37	2	12	15	15	2	2	2	15	2	2	2	2	2	2	2	2	2	2	2	2	37	37	3	3	3	16	37	37	37	37	12	37	2	12	2	2	2	2	6	2	6	6	6	6	6	6
3090	6	6	6	6	6	6	4	4	3	3	3	3	4	4	37	37	4	4	37	37	2	2	2	2	2	2	2	19	2	2	2	2	43	77	2	12	12	77	2	2	26	4	2	2	16	16	4	21	2	77	2	2	16	16	12	37	2	12	2	56	2	12	2	2	3	43	2	2	2	2	2	37	2	2	2	2	37	37	3	3	3	16	37	37	37	37	53	37	53	53	53	53	6	53	6	24	6	6	6	6	6	6
3100	6	6	6	6	6	6	4	4	3	3	3	3	4	4	37	37	4	4	2	37	2	2	2	2	2	2	19	19	2	2	2	2	2	77	12	12	2	77	2	2	4	4	2	2	4	16	4	21	15	77	2	2	4	4	2	15	2	2	2	15	2	2	2	2	12	12	2	2	2	19	2	2	2	2	2	2	37	37	3	3	3	16	37	37	37	37	2	37	2	2	12	12	2	12	6	2	6	6	6	6	6	6
