Iteration	start_1	end_1	start_2	end_2	start_3	end_3	start_4	end_4	start_5	end_5	start_6	end_6	start_7	end_7	start_8	end_8	start_9	end_9	start_10	end_10	start_11	end_11	start_12	end_12	start_13	end_13	start_14	end_14	start_15	end_15	start_16	end_16	start_17	end_17	start_18	end_18	start_19	end_19	start_20	end_20	start_21	end_21	start_22	end_22	start_23	end_23	start_24	end_24	start_25	end_25	start_26	end_26	start_27	end_27	start_28	end_28	start_29	end_29	start_30	end_30	start_31	end_31	start_32	end_32	start_33	end_33	start_34	end_34	start_35	end_35	start_36	end_36	start_37	end_37	start_38	end_38	start_39	end_39	start_40	end_40	start_41	end_41	start_42	end_42	start_43	end_43	start_44	end_44	start_45	end_45	start_46	end_46	start_47	end_47	start_48	end_48	start_49	end_49	start_50	end_50	start_51	end_51
0	6	6	6	6	6	6	4	4	3	3	3	3	4	4	4	37	4	4	4	37	24	2	2	2	2	2	19	19	2	2	2	2	77	77	3	12	2	77	2	2	4	4	4	2	16	16	4	21	19	77	2	2	16	16	47	77	2	77	4	4	2	2	4	15	4	77	2	2	2	19	56	56	56	56	56	56	4	4	3	3	4	16	4	4	4	4	26	56	87	56	87	87	87	87	87	87	6	6	6	6	87	87
20	6	6	6	6	6	6	4	4	3	3	3	3	4	4	4	37	4	4	15	37	2	2	2	2	2	2	2	19	2	2	2	2	19	77	2	12	12	77	2	2	4	4	2	2	4	16	4	21	77	77	2	2	4	4	15	77	15	15	2	15	2	12	2	2	2	19	2	2	2	2	15	15	15	15	15	15	4	4	3	3	16	16	4	16	4	4	2	15	2	2	2	2	2	2	15	15	6	6	6	6	56	56
40	6	6	6	6	6	6	4	4	3	3	3	3	4	4	2	37	4	4	2	37	2	2	2	2	2	2	2	19	2	2	2	2	2	77	2	12	2	77	2	2	4	4	2	2	4	16	4	21	47	77	2	2	4	4	47	47	12	77	2	15	2	2	2	2	2	2	2	2	2	2	2	2	2	2	2	2	2	15	3	3	16	16	12	37	37	37	2	37	2	2	2	2	2	2	2	12	6	6	6	6	24	24
60	6	6	6	6	6	6	4	4	3	3	3	3	4	4	16	37	4	4	2	37	2	2	2	2	2	2	2	19	2	2	2	2	77	77	3	12	12	77	2	2	4	4	2	2	16	16	4	21	77	77	2	2	4	16	77	77	43	77	2	15	12	12	12	12	2	77	2	2	2	2	2	2	2	2	2	2	16	16	3	3	4	16	4	16	4	4	2	15	2	2	2	2	3	12	19	43	6	6	6	6	60	60
80	6	6	6	6	6	6	16	4	3	3	3	3	4	4	37	37	4	4	15	37	2	2	2	2	2	2	2	19	2	2	2	2	43	77	3	12	19	77	2	2	2	4	2	2	4	16	21	21	77	77	2	2	4	21	37	77	12	37	2	2	2	19	2	2	2	43	2	2	2	2	2	15	2	2	2	2	37	37	3	3	4	16	37	37	37	37	2	37	2	2	2	2	2	2	12	12	6	6	6	6	53	53
100	6	6	6	6	6	6	4	4	3	3	3	3	4	4	4	37	4	4	15	37	2	2	2	2	2	2	19	19	2	2	2	2	37	77	3	12	12	77	2	2	4	4	2	2	4	16	4	21	77	77	2	2	4	4	77	77	37	77	2	15	2	12	2	2	2	37	2	2	2	19	15	15	15	15	15	15	4	4	3	3	4	16	4	4	4	4	2	15	2	2	2	2	2	2	15	37	6	6	6	6	56	56
120	6	6	6	6	6	6	4	4	3	3	3	3	4	4	77	37	4	4	2	37	2	2	2	2	2	2	2	19	2	2	2	2	19	77	2	12	12	77	2	2	4	4	2	2	4	16	4	21	77	77	2	2	4	4	77	77	46	77	2	15	2	12	2	2	2	19	2	2	2	2	2	2	2	2	2	2	37	77	3	3	4	16	37	37	37	37	2	37	2	2	2	2	2	2	4	46	6	6	6	6	26	26
140	6	6	6	6	6	6	4	4	3	3	3	3	4	4	37	37	4	4	2	37	2	2	2	2	2	2	2	19	2	2	2	2	43	77	3	12	2	77	2	2	4	4	46	2	4	16	4	21	15	77	2	2	4	4	2	15	2	2	2	46	2	2	2	2	2	43	2	2	2	2	2	2	2	2	2	2	37	37	3	3	3	16	37	37	37	37	77	37	77	77	77	77	77	77	46	77	6	6	6	6	96	96
160	6	6	6	6	6	6	3	4	3	3	3	3	4	4	37	37	4	4	12	37	2	2	2	2	2	2	2	19	2	2	2	2	31	77	3	12	2	77	2	2	2	4	2	2	4	16	4	21	37	77	2	2	4	4	2	37	2	2	2	2	2	2	2	2	2	31	2	2	2	2	2	12	2	2	2	2	37	37	3	3	3	3	37	37	37	37	37	37	37	37	37	37	37	37	37	37	6	6	6	6	87	87
180	6	6	6	6	6	6	4	4	3	3	3	3	4	4	4	37	4	4	2	37	2	2	2	2	2	2	2	19	2	2	2	2	20	77	3	12	37	77	2	2	4	4	2	2	4	16	4	21	77	77	2	2	4	4	12	77	3	12	2	15	37	37	37	37	3	20	2	2	2	2	2	2	2	2	2	2	4	4	3	3	16	16	16	16	16	16	12	37	12	12	3	12	37	37	37	37	6	6	6	6	87	87
200	6	6	6	6	6	6	4	4	3	3	3	3	4	4	37	37	4	4	2	37	2	2	2	2	2	2	19	19	2	2	2	2	37	77	3	12	2	77	2	2	4	4	2	2	16	16	4	21	77	77	2	2	4	16	77	77	37	77	2	15	2	2	2	2	2	37	2	2	19	19	2	2	2	19	2	2	37	37	3	3	3	16	37	37	37	37	2	37	2	2	2	2	2	2	15	37	6	6	6	6	56	56
220	6	6	6	6	6	6	3	4	3	3	3	3	4	4	37	37	4	4	12	37	2	2	2	2	2	2	2	19	2	2	2	2	77	77	2	12	12	77	2	2	15	4	2	2	16	16	4	21	2	77	2	2	37	16	37	37	2	37	15	15	2	12	2	15	77	77	2	2	2	2	2	12	2	2	2	2	37	37	3	3	3	3	77	37	77	77	2	77	2	2	37	77	15	37	15	15	6	6	6	6	56	56
240	6	6	6	6	6	6	3	4	3	3	3	3	4	4	37	37	4	4	2	37	2	2	2	2	2	2	2	19	2	2	2	2	43	77	3	12	2	77	2	2	2	4	2	2	4	16	4	21	77	77	2	2	4	4	77	77	4	77	2	2	2	2	2	2	2	43	2	2	2	2	2	2	2	2	2	2	37	37	3	3	3	3	37	37	37	37	37	37	37	37	15	37	15	15	56	15	6	6	6	6	56	56
260	6	6	6	6	6	6	4	4	3	3	16	3	4	4	37	37	4	4	2	37	2	2	2	2	2	2	2	19	2	2	2	2	12	77	2	12	37	77	2	2	4	4	15	2	16	16	4	21	37	77	2	2	3	16	12	37	2	12	2	15	2	37	2	2	2	12	2	2	2	2	2	2	2	2	2	2	37	37	16	16	4	16	37	37	37	37	2	37	12	2	43	12	43	43	19	43	6	6	6	6	60	60
280	6	6	6	6	6	6	4	4	3	3	3	3	4	4	4	37	4	4	37	37	2	2	2	2	2	2	2	19	2	2	2	2	37	77	3	12	2	77	2	2	4	4	2	2	3	16	4	21	77	77	2	2	4	16	77	77	2	77	2	15	2	2	2	2	2	37	2	2	2	2	2	37	2	2	2	2	4	4	3	3	16	16	16	16	16	16	2	37	2	2	2	2	2	2	2	2	6	6	6	6	24	24
300	6	6	6	6	6	6	3	4	3	3	3	3	4	4	37	37	4	4	2	37	2	2	2	2	2	2	2	19	2	2	2	2	12	77	2	12	2	77	2	2	4	4	2	2	4	16	4	21	46	77	2	2	4	4	15	46	15	15	2	15	2	2	2	2	2	12	2	2	2	2	2	2	2	2	2	2	37	37	3	3	3	3	37	37	37	37	2	37	2	2	2	2	2	2	2	15	6	6	6	6	24	24
320	6	6	6	6	6	6	4	4	3	3	3	3	4	4	4	37	4	4	12	37	2	2	2	2	2	2	2	19	2	2	2	2	77	77	2	12	2	77	2	2	4	4	2	2	4	16	4	21	2	77	2	2	4	4	15	15	4	15	15	15	2	2	4	15	46	77	2	2	2	2	12	12	12	12	2	12	4	4	3	3	16	16	4	16	4	4	2	15	2	2	46	46	46	46	46	46	6	6	6	6	96	96
340	6	6	6	6	6	6	4	4	3	3	3	3	4	4	4	37	4	4	2	37	2	2	2	2	2	2	2	19	2	2	2	2	46	77	2	12	4	77	2	2	4	4	2	2	4	16	21	21	12	77	2	2	21	21	20	77	2	43	15	15	2	15	2	15	2	46	2	2	2	2	2	2	2	2	2	2	4	4	3	3	4	16	4	4	4	4	2	15	2	2	2	2	2	2	2	2	6	6	6	6	24	24
360	6	6	6	6	6	6	3	4	3	3	3	3	4	4	37	37	4	4	2	37	2	2	2	2	2	2	2	19	2	2	2	2	19	77	2	12	2	77	2	2	4	4	2	2	4	16	21	21	12	77	2	2	21	21	77	77	43	77	15	15	2	2	2	15	2	19	2	2	2	2	2	2	2	2	2	2	37	37	3	3	3	3	37	37	37	37	15	37	2	15	2	2	2	2	43	43	6	6	6	6	93	93
380	6	6	6	6	6	6	3	4	3	3	3	3	4	4	3	37	4	4	2	37	2	2	2	2	2	2	2	19	2	2	2	2	77	77	3	12	2	77	19	2	4	4	2	2	16	16	4	21	77	77	2	2	3	16	12	77	12	12	2	15	2	19	2	2	2	77	2	2	2	2	2	2	2	2	2	2	16	16	3	3	3	3	16	16	16	16	2	37	2	2	2	2	2	2	12	12	6	6	6	6	53	53
400	6	6	6	6	6	6	4	4	3	3	3	3	4	4	15	37	4	4	2	37	2	2	2	2	2	2	2	19	2	2	2	2	37	77	3	12	2	77	2	2	4	4	2	2	16	16	4	21	77	77	2	2	3	16	77	77	2	77	15	15	2	2	15	15	15	37	2	2	2	2	2	2	2	2	2	2	2	15	3	3	16	16	37	37	37	37	2	37	2	2	2	15	15	15	15	15	6	6	6	6	56	56
420	6	6	6	6	6	6	4	4	20	3	3	3	4	4	15	37	4	4	2	37	2	2	2	2	2	2	2	19	2	2	5	2	12	77	2	12	2	77	2	2	4	4	2	2	16	16	4	21	37	77	2	2	3	16	2	37	2	2	2	15	2	2	2	2	3	12	2	2	2	2	2	2	2	2	2	2	4	15	20	20	47	47	47	47	47	47	77	77	37	77	37	37	15	37	46	15	6	6	6	6	96	96
440	6	6	6	6	6	6	3	4	3	3	3	3	4	4	37	37	4	4	2	37	2	2	2	2	2	2	2	19	2	2	2	2	77	77	2	12	2	77	2	2	4	4	2	2	4	16	4	21	77	77	2	2	4	4	77	77	2	77	2	15	2	2	2	2	19	77	2	2	2	2	2	2	2	2	2	2	37	37	3	3	3	3	37	37	37	37	2	37	2	2	19	19	19	19	46	19	6	6	6	6	96	96
460	6	6	6	6	6	6	3	4	3	3	3	3	4	4	12	37	4	4	15	37	2	2	2	2	2	2	2	19	2	2	2	2	37	77	3	12	19	77	2	2	4	4	2	2	4	16	4	21	15	77	2	2	4	4	2	15	2	2	15	15	2	19	2	15	12	37	2	2	2	2	2	15	2	2	2	2	37	37	3	3	3	3	37	37	37	37	15	37	2	15	12	12	12	12	12	12	6	6	6	6	53	53
480	6	6	6	6	6	6	3	4	3	3	3	3	4	4	37	37	4	4	12	37	2	2	2	2	2	2	2	19	2	2	2	2	77	77	2	12	2	77	2	2	4	4	2	2	4	16	21	21	77	77	2	2	4	21	43	77	3	43	2	15	2	2	2	2	77	77	2	2	2	2	2	12	2	2	2	2	37	37	3	3	3	3	15	37	15	15	2	15	2	2	43	77	43	43	19	43	6	6	6	6	60	60
500	6	6	6	6	6	6	3	4	3	3	3	3	4	4	37	37	4	4	2	37	2	2	2	2	2	2	2	19	2	2	2	2	12	77	2	12	12	77	2	2	2	4	2	2	16	16	4	21	12	77	2	2	3	16	12	12	2	12	2	2	12	12	2	12	2	12	2	2	2	2	2	2	2	2	2	2	37	37	3	3	3	3	37	37	37	37	2	37	2	2	2	2	2	2	2	2	6	6	6	6	24	24
520	6	6	6	6	6	6	3	4	3	3	3	3	4	4	37	37	4	4	2	37	2	2	2	2	2	2	2	19	2	2	2	2	77	77	2	12	12	77	2	2	4	4	2	2	4	16	4	21	77	77	2	2	4	4	46	77	46	46	2	15	12	12	2	12	2	77	2	2	2	2	2	2	2	2	2	2	37	37	3	3	3	3	37	37	37	37	2	37	2	2	2	2	2	2	46	46	6	6	6	6	96	96
540	6	6	6	6	6	6	4	4	3	3	3	3	4	4	16	37	4	4	2	37	2	2	2	2	2	2	2	19	2	2	2	2	19	77	2	12	20	77	2	2	4	4	2	2	4	16	4	21	46	77	2	2	4	4	2	46	2	2	2	15	2	43	2	2	2	19	2	2	2	2	2	2	2	2	2	2	16	16	3	3	3	16	16	16	16	16	16	37	37	37	37	37	37	37	37	37	6	6	6	6	87	87
560	6	6	6	6	6	6	4	4	3	3	3	3	4	4	37	37	4	4	2	37	2	2	2	2	2	2	2	19	2	2	2	2	77	77	3	12	2	77	2	2	4	4	2	2	4	16	21	21	77	77	2	2	4	21	77	77	37	77	2	15	2	2	2	2	2	77	2	2	2	2	2	2	2	2	2	2	37	37	3	3	3	16	37	37	37	37	12	37	2	12	2	2	2	2	3	37	6	6	6	6	25	25
580	6	6	6	6	6	6	5	4	5	3	20	3	4	4	15	37	4	4	2	37	2	2	2	2	2	2	19	19	2	2	2	2	37	77	2	12	2	77	2	2	21	4	2	2	4	16	4	21	37	77	2	2	4	4	2	37	2	2	2	46	2	2	2	2	2	37	2	2	2	19	2	2	2	2	2	2	15	15	20	20	20	20	37	77	37	37	2	37	2	2	2	2	2	2	39	2	6	6	6	6	89	89
600	6	6	6	6	6	6	4	4	3	3	3	3	4	4	4	37	4	4	12	37	2	2	2	2	2	2	2	19	2	2	2	2	15	77	2	12	43	77	2	2	4	4	2	2	4	16	4	21	46	77	2	2	4	4	2	46	2	2	2	15	43	43	43	43	2	15	2	2	2	2	2	12	2	2	2	2	4	4	3	3	16	16	4	16	4	4	2	15	2	2	2	2	43	43	12	43	6	6	6	6	53	53
620	6	6	6	6	6	6	4	4	3	3	3	3	4	4	37	37	4	4	2	37	2	2	2	2	2	2	2	19	2	2	2	2	2	77	2	12	15	77	2	2	4	4	2	2	4	16	21	21	12	77	2	2	21	21	77	77	2	77	2	15	2	15	2	2	2	2	2	2	2	2	2	2	2	2	2	2	37	37	3	3	3	16	37	37	37	37	2	37	2	2	2	2	2	2	2	2	6	6	6	6	24	24
640	6	6	6	6	6	6	4	4	3	3	16	3	4	4	37	37	4	4	2	37	2	2	2	2	2	2	2	19	2	2	2	2	15	77	2	12	37	77	2	2	15	4	2	2	4	16	4	21	77	77	2	2	4	4	77	77	43	77	2	15	2	37	2	2	2	15	2	2	2	2	2	2	2	2	2	2	37	37	4	16	4	4	37	37	37	37	2	37	2	2	2	2	2	2	43	43	6	6	6	6	93	93
660	6	6	6	6	6	6	3	4	3	3	3	3	4	4	37	37	4	4	15	37	2	2	2	2	2	2	2	19	2	2	2	2	77	77	3	12	77	77	2	2	4	4	2	2	4	16	4	21	77	77	2	2	4	4	77	77	5	77	4	15	77	77	77	77	4	77	2	2	2	2	2	15	2	2	2	2	15	37	3	3	3	3	37	37	37	37	15	37	4	15	4	4	77	77	19	77	6	6	6	6	60	60
680	6	6	6	6	6	6	4	4	3	3	3	3	4	4	37	37	4	4	15	37	2	2	2	2	2	2	2	19	2	2	2	2	77	77	3	12	15	77	2	2	4	4	2	2	4	16	4	21	77	77	2	2	4	4	2	77	2	2	2	15	2	15	2	2	2	77	2	2	2	2	2	15	2	2	2	2	37	37	3	3	4	16	37	37	37	37	12	37	12	12	12	12	12	12	12	12	6	6	6	6	53	53
700	6	6	6	6	6	6	4	4	3	3	3	3	4	4	4	37	4	4	2	37	2	2	2	2	2	2	2	19	2	2	2	2	77	77	3	12	2	77	2	2	4	4	2	2	4	16	4	21	37	77	2	2	4	4	37	37	2	37	33	15	2	2	2	33	3	77	2	2	2	2	2	2	2	2	2	2	4	4	3	3	16	16	16	16	16	16	37	37	37	37	37	37	37	37	15	37	6	6	6	6	56	56
720	6	6	6	6	6	6	4	4	3	3	3	3	4	4	16	37	4	4	37	37	2	2	2	2	2	2	2	19	2	2	2	2	96	77	2	12	2	77	2	2	4	4	2	2	4	16	4	21	77	77	2	2	4	4	77	77	4	77	2	15	2	2	2	2	56	96	2	2	2	2	37	37	37	37	15	37	16	16	3	3	3	16	4	16	4	4	2	15	2	2	56	56	56	56	56	56	6	6	6	6	56	56
740	6	6	6	6	6	6	3	4	3	3	3	3	4	4	67	37	4	4	2	37	2	2	2	2	2	2	2	19	2	2	2	2	77	77	2	12	46	77	2	2	15	4	2	2	16	16	4	21	37	77	2	2	3	16	12	37	2	12	2	15	46	46	46	46	2	77	2	2	2	2	2	2	2	2	2	2	67	67	3	3	3	3	67	67	67	67	15	67	2	15	2	2	46	46	19	46	6	6	6	6	60	60
760	6	6	6	6	6	6	3	4	3	3	3	3	4	4	37	37	4	4	15	37	2	2	2	2	2	2	2	19	2	2	2	2	46	77	2	12	12	77	2	2	2	4	2	2	16	16	4	21	77	77	2	2	3	16	37	77	12	37	2	2	2	12	2	2	2	46	2	2	2	2	2	15	2	2	2	2	37	37	3	3	3	3	37	37	37	37	2	37	2	2	2	2	2	2	12	12	6	6	6	6	53	53
780	6	6	6	6	6	6	4	4	3	3	3	3	4	4	16	37	4	4	37	37	2	2	2	2	2	2	2	19	2	2	2	2	43	77	2	12	15	77	2	2	4	4	2	2	4	16	4	21	77	77	2	2	4	4	12	77	12	12	4	15	15	15	2	15	2	43	2	2	2	2	37	37	37	37	37	37	4	16	3	3	4	16	4	4	4	4	2	37	2	2	2	2	2	2	12	12	6	6	6	6	53	53
800	6	6	6	6	6	6	4	4	3	3	3	3	4	4	37	37	4	4	2	37	2	2	2	2	2	2	2	19	2	2	2	2	3	77	2	12	2	77	2	2	15	4	2	2	4	16	4	21	77	77	2	2	4	4	77	77	77	77	15	15	2	2	2	15	2	12	2	2	2	2	2	2	2	2	2	2	37	37	3	3	4	16	37	37	37	37	12	37	12	12	12	12	2	12	16	77	6	6	6	6	57	57
820	6	6	6	6	6	6	16	4	3	3	3	3	4	4	4	37	4	4	12	37	2	2	2	2	2	2	2	19	2	2	2	2	3	77	12	12	2	77	2	2	4	4	2	2	16	16	4	21	43	77	2	2	3	16	19	43	19	19	2	15	2	2	2	2	2	12	2	2	2	2	12	12	12	12	12	12	4	4	3	3	16	16	16	16	3	16	2	12	2	2	2	2	2	2	19	19	6	6	6	6	60	60
840	6	6	6	6	6	6	3	4	3	3	3	3	4	4	37	37	4	4	2	37	2	2	2	2	2	2	2	19	2	2	2	2	77	77	2	12	2	77	2	2	15	4	2	2	16	16	4	21	77	77	2	2	3	16	46	77	3	46	15	15	2	2	37	15	12	77	2	2	2	2	2	2	2	2	2	2	37	37	3	3	3	3	37	37	37	37	12	37	2	12	2	12	37	37	37	37	6	6	6	6	87	87
860	6	6	6	6	6	6	3	4	3	3	3	3	4	4	37	37	4	4	12	37	2	2	2	2	2	2	2	19	2	2	2	2	2	77	2	12	2	77	2	2	4	4	2	2	16	16	4	21	77	77	2	2	4	16	77	77	46	77	2	15	2	2	2	2	2	2	2	2	2	2	2	12	2	2	2	2	37	37	3	3	3	3	15	37	15	15	2	15	2	2	2	2	2	2	46	46	6	6	6	6	96	96
880	6	6	6	6	6	6	4	4	3	3	3	3	4	4	15	37	4	4	2	37	2	2	2	2	2	2	2	19	2	2	2	2	46	77	2	12	37	77	2	2	4	4	15	2	3	16	3	21	77	77	2	2	3	3	2	77	2	2	2	15	53	37	53	53	2	46	2	2	2	2	2	2	2	2	2	2	15	15	4	3	4	4	15	15	15	15	2	15	2	2	2	2	53	53	53	53	6	6	6	6	53	53
900	6	6	6	6	6	6	16	4	3	3	3	3	4	4	37	37	3	4	2	37	2	2	2	2	2	2	19	19	2	2	2	2	2	77	2	12	2	77	2	2	2	4	2	2	16	16	4	21	12	77	2	2	3	16	2	12	8	2	2	2	2	2	2	2	2	2	2	2	19	19	2	2	19	19	19	19	4	37	3	3	16	16	16	16	16	16	77	77	12	77	12	12	2	12	8	8	6	6	6	6	49	49
920	6	6	6	6	6	6	4	4	3	3	3	3	4	4	37	37	4	4	2	37	2	2	2	2	2	2	2	19	2	2	2	2	12	77	2	12	37	77	2	2	4	4	2	2	4	16	4	21	77	77	2	2	4	4	77	77	46	77	2	15	12	37	2	12	2	12	2	2	2	2	2	2	2	2	2	2	16	37	3	3	3	16	16	16	16	16	2	37	2	2	2	2	2	2	46	46	6	6	6	6	96	96
940	6	6	6	6	6	6	3	4	3	3	3	3	4	4	37	37	4	4	2	37	2	2	2	2	2	2	2	19	2	2	2	2	2	77	2	12	15	77	2	2	4	4	2	2	4	16	4	21	77	77	2	2	4	4	2	77	2	2	2	15	15	15	2	15	2	2	2	2	2	2	2	2	2	2	2	2	37	37	3	3	3	3	37	37	37	37	2	37	2	2	2	2	2	2	2	2	6	6	6	6	24	24
960	6	6	6	6	6	6	4	4	3	3	16	3	4	4	4	37	4	4	37	37	2	2	2	2	2	2	2	19	2	2	2	2	37	77	2	12	2	77	2	2	2	4	2	2	4	16	4	21	19	77	2	2	4	4	19	46	2	19	2	2	2	2	2	2	2	37	2	2	2	2	37	37	37	37	37	37	4	4	4	16	4	4	4	4	4	4	37	37	37	37	15	37	15	15	15	15	6	6	6	6	56	56
980	6	6	6	6	6	6	3	4	3	3	3	3	4	4	77	37	4	4	2	37	2	2	2	2	2	2	2	19	2	2	2	2	3	77	12	12	12	77	2	2	4	4	2	2	4	16	4	21	77	77	2	2	4	4	77	77	37	77	15	15	2	12	2	15	2	12	2	2	2	2	2	2	2	2	2	2	77	77	3	3	3	3	77	77	77	77	2	77	2	2	2	2	2	2	12	37	6	6	6	6	53	53
1000	6	6	6	6	6	6	3	4	3	3	3	3	4	4	37	37	4	4	2	37	2	2	2	2	2	2	2	19	2	2	2	2	2	77	2	12	19	77	2	2	4	4	2	2	4	16	4	21	77	77	2	2	4	4	19	77	19	19	2	15	2	19	2	2	12	2	2	2	2	2	2	2	2	2	2	2	37	37	3	3	3	3	37	37	37	37	2	37	2	2	2	12	2	2	19	19	6	6	6	6	60	60
1020	6	6	6	6	6	6	3	4	3	3	3	3	4	4	77	37	4	4	15	37	2	2	2	2	2	2	2	19	2	2	2	2	77	77	2	12	2	77	2	2	4	4	2	2	16	16	4	21	12	77	2	2	3	16	3	12	2	12	2	15	2	2	2	2	2	77	2	2	2	2	2	15	2	2	2	2	77	77	3	3	3	3	77	77	77	77	77	77	46	77	46	46	46	46	19	46	6	6	6	6	60	60
1040	6	6	6	6	6	6	16	4	3	3	3	3	4	4	16	37	4	4	2	37	2	2	2	2	2	2	2	19	2	2	2	2	77	77	3	12	2	77	2	2	4	4	15	2	4	16	21	21	46	77	2	2	4	21	46	46	2	46	2	15	2	2	2	2	46	77	2	2	2	2	2	2	2	2	2	2	4	16	3	3	16	16	16	16	16	16	2	37	2	2	46	46	46	46	46	46	6	6	6	6	96	96
1060	6	6	6	6	6	6	3	4	3	3	3	3	4	4	77	37	4	4	77	37	2	2	2	2	2	2	2	19	2	2	2	2	3	77	12	12	2	77	2	2	4	4	15	2	16	16	4	21	77	77	2	2	3	16	46	77	15	46	2	15	2	2	2	2	2	12	2	2	2	2	15	77	15	15	2	15	77	77	3	3	3	3	37	77	37	37	2	37	2	2	2	2	2	2	15	15	6	6	6	6	56	56
1080	6	6	6	6	6	6	3	4	3	3	3	3	4	4	37	37	4	4	2	37	2	2	2	2	2	2	2	19	2	2	2	2	15	77	3	12	2	77	2	2	4	4	2	2	16	16	4	21	77	77	2	2	4	16	2	77	2	2	2	15	2	2	2	2	2	37	2	2	2	2	2	2	2	2	2	2	37	37	3	3	3	3	15	37	15	15	2	15	2	2	2	2	2	2	2	2	6	6	6	6	24	24
1100	6	6	6	6	6	6	4	4	3	3	3	3	4	4	4	37	4	4	15	37	2	2	2	2	2	2	2	19	2	2	2	2	37	77	3	12	2	77	2	2	4	4	2	2	4	16	4	21	4	77	2	2	4	4	4	4	15	15	15	15	2	2	2	15	2	37	2	2	2	2	15	15	15	15	15	15	4	4	3	3	16	16	4	16	4	4	2	15	2	2	2	2	2	2	15	15	6	6	6	6	56	56
1120	6	6	6	6	6	6	16	4	3	3	3	3	4	4	37	37	4	4	2	37	2	2	2	2	2	2	2	19	2	2	2	2	77	77	2	12	2	77	2	2	4	4	2	2	4	16	4	21	15	77	2	2	4	4	15	15	15	15	15	15	2	2	2	15	2	77	2	2	2	2	2	2	2	2	2	2	3	37	3	3	16	16	4	16	4	4	2	15	2	2	2	2	2	2	15	15	6	6	6	6	56	56
1140	6	6	6	6	6	6	4	4	3	3	20	3	4	4	77	37	4	4	2	37	2	2	2	2	2	2	2	19	2	2	19	2	12	77	3	12	43	77	2	2	4	4	15	2	4	16	4	21	46	77	2	2	4	4	15	46	2	15	46	15	5	43	46	46	2	12	2	2	2	2	2	2	2	2	2	2	77	77	3	20	4	16	77	77	77	77	2	77	2	19	2	2	46	46	21	46	6	6	6	6	62	62
1160	6	6	6	6	6	6	4	4	16	3	3	3	4	4	77	37	4	4	15	37	2	2	2	2	2	2	2	19	2	2	2	2	77	77	2	12	46	77	2	2	4	4	19	2	16	16	4	21	3	77	2	2	16	16	16	16	2	37	2	46	15	46	15	15	2	77	2	2	2	2	2	15	2	2	2	2	37	77	16	16	3	16	37	37	37	37	2	37	2	2	2	2	15	15	2	15	6	6	6	6	24	24
1180	6	6	6	6	6	6	4	4	3	3	3	3	4	4	37	37	4	4	2	37	2	2	2	2	2	2	2	19	2	2	2	2	2	77	2	12	2	77	2	2	4	4	2	2	4	16	4	21	77	77	2	2	4	4	77	77	37	77	2	15	2	2	2	2	2	2	2	2	2	2	2	2	2	2	2	2	37	37	3	3	3	16	37	37	37	37	2	37	2	2	2	2	2	2	12	37	6	6	6	6	53	53
1200	6	6	6	6	6	6	4	4	3	3	3	3	4	4	15	37	4	4	12	37	2	2	2	2	2	2	2	19	2	2	2	2	2	77	2	12	12	77	2	2	15	4	2	2	16	16	4	21	43	77	2	2	3	16	12	43	2	12	2	15	2	12	2	2	2	2	2	2	2	2	2	12	2	2	2	2	15	15	3	3	4	16	15	15	15	15	2	15	2	2	2	2	2	2	2	2	6	6	6	6	24	24
1220	6	6	6	6	6	6	3	4	3	3	3	3	4	4	37	37	4	4	2	37	2	2	2	2	2	2	2	19	2	2	2	2	19	77	2	12	2	77	19	2	4	4	2	2	16	16	4	21	37	77	2	2	4	16	77	37	77	77	2	15	2	19	2	2	2	19	2	2	2	2	2	2	2	2	2	2	37	37	3	3	3	3	37	37	37	37	2	37	2	2	2	2	2	2	2	77	6	6	6	6	24	24
1240	6	6	6	6	6	6	3	4	3	3	3	3	4	4	37	37	4	4	2	37	2	2	2	2	2	2	2	19	2	2	2	2	2	77	12	12	19	77	2	2	2	4	2	2	4	16	4	21	77	77	2	2	4	4	43	77	43	43	2	2	12	19	2	12	2	12	2	2	2	2	2	2	2	2	2	2	37	37	3	3	3	3	37	37	37	37	15	37	15	15	2	15	2	2	12	43	6	6	6	6	53	53
1260	6	6	6	6	6	6	3	4	3	3	3	3	4	4	37	37	4	4	2	37	2	2	2	2	2	2	2	19	2	2	2	2	2	77	2	12	77	77	2	2	2	4	2	2	4	16	4	21	46	77	2	2	4	4	15	46	2	15	2	2	46	77	96	46	2	2	2	2	2	2	2	2	2	2	2	2	37	37	3	3	3	3	37	37	37	37	12	37	2	12	2	2	96	96	96	96	6	6	6	6	96	96
1280	6	6	6	6	6	6	3	4	3	3	3	3	4	4	77	37	4	4	2	37	2	2	2	2	2	2	2	19	2	2	2	2	2	77	2	12	2	77	2	2	4	4	15	2	4	16	4	21	37	77	2	2	4	4	37	37	2	37	2	15	2	2	2	2	2	2	2	2	2	2	2	2	2	2	2	2	77	77	3	3	3	3	77	77	77	77	2	77	2	2	2	2	2	2	2	2	6	6	6	6	24	24
1300	6	6	6	6	6	6	4	4	3	3	3	3	4	4	37	37	4	4	12	37	2	2	2	2	2	2	19	19	2	2	2	2	77	77	2	12	2	77	2	2	4	4	2	2	4	16	4	21	77	77	2	2	4	4	15	77	2	15	2	15	2	2	2	2	2	77	2	2	19	19	2	12	19	19	2	19	37	37	3	3	3	16	37	37	12	37	2	12	2	2	2	2	2	2	2	2	6	6	6	6	24	24
1320	6	6	6	6	6	6	4	4	3	3	3	3	4	4	4	37	4	4	37	37	2	2	2	2	2	2	2	19	2	2	2	2	43	77	2	12	15	77	2	2	4	4	4	2	4	16	4	21	77	77	2	2	4	4	43	77	43	43	4	4	15	15	2	15	12	43	2	2	2	2	37	37	37	37	37	37	4	4	3	3	16	16	4	16	4	4	12	37	2	12	2	12	2	2	43	43	6	6	6	6	93	93
1340	6	6	6	6	6	6	4	4	3	3	3	3	4	4	4	37	4	4	2	37	2	2	2	2	2	2	19	19	2	2	2	2	46	77	2	12	2	77	2	2	4	4	2	2	16	16	4	21	15	77	2	2	4	16	2	15	2	2	2	15	2	2	2	2	4	46	2	2	19	19	2	2	19	19	19	19	4	4	3	3	16	16	16	16	16	16	77	77	77	77	77	77	77	77	37	77	6	6	6	6	87	87
1360	6	6	6	6	6	6	4	4	3	3	3	3	4	4	15	37	4	4	2	37	2	2	2	2	2	2	2	19	2	2	2	2	46	77	2	12	2	77	2	2	4	4	2	2	4	16	4	21	77	77	2	2	4	4	77	77	43	77	2	15	2	2	2	2	46	46	2	2	2	2	2	2	2	2	2	2	15	15	3	3	3	16	37	37	37	37	15	37	2	15	15	46	2	15	43	43	6	6	6	6	93	93
1380	6	6	6	6	6	6	4	4	3	3	3	3	4	4	16	37	4	4	37	37	2	2	2	2	2	2	2	19	2	2	2	2	2	77	2	12	2	77	2	2	4	4	2	2	4	16	4	21	15	77	2	2	4	4	2	15	2	2	2	15	2	2	2	2	2	2	2	2	2	2	2	37	2	2	2	2	3	16	3	3	16	16	16	16	16	16	15	37	2	15	2	2	2	2	2	2	6	6	6	6	24	24
1400	6	6	6	6	6	6	4	4	3	3	3	3	4	4	4	37	4	4	15	37	2	2	2	2	2	2	2	19	2	2	2	2	37	77	2	12	2	77	2	2	4	4	2	2	4	16	4	21	77	77	2	2	4	4	77	77	2	77	2	15	2	2	2	2	12	37	2	2	2	2	15	15	15	15	15	15	4	4	3	3	16	16	4	16	4	4	2	15	2	2	2	12	2	2	2	2	6	6	6	6	24	24
1420	6	6	6	6	6	6	4	4	11	3	3	3	4	4	16	37	4	4	2	37	2	2	2	2	2	2	2	19	2	2	2	2	19	77	2	12	12	77	2	2	4	4	15	2	16	16	4	21	77	77	2	2	3	16	46	77	2	46	2	15	12	12	2	12	2	19	2	2	2	2	2	2	2	2	2	2	4	16	36	11	36	36	36	36	36	36	9	67	28	9	28	28	28	28	8	28	6	6	6	6	49	49
1440	6	6	6	6	6	6	3	4	3	3	3	3	4	4	37	37	4	4	2	37	2	2	2	2	2	2	19	19	2	2	2	2	77	77	2	12	2	77	2	2	15	4	2	2	4	16	21	21	77	77	2	2	4	21	77	77	2	77	2	15	2	2	2	2	2	77	2	2	19	19	2	2	2	19	2	2	37	37	3	3	3	3	37	37	37	37	2	37	2	2	2	2	2	2	2	2	6	6	6	6	24	24
1460	6	6	6	6	6	6	3	4	3	3	3	3	4	4	37	37	4	4	2	37	2	2	2	2	2	2	19	19	2	2	2	2	43	77	3	12	77	77	2	2	4	4	2	2	16	16	4	21	77	77	2	2	3	16	77	77	2	77	2	15	77	77	37	77	2	43	2	2	19	19	2	2	19	19	2	19	37	37	3	3	3	3	37	37	37	37	37	37	37	37	3	37	37	37	15	37	6	6	6	6	56	56
1480	6	6	6	6	6	6	16	4	3	3	3	3	4	4	37	37	4	4	2	37	2	2	2	2	2	2	2	19	2	2	2	2	77	77	2	12	2	77	2	2	96	4	4	2	4	16	4	21	77	77	2	2	4	4	43	77	2	43	60	96	2	2	60	60	2	77	2	2	2	2	2	2	2	2	2	2	37	37	3	3	4	16	15	37	15	15	2	15	2	2	2	2	60	60	60	60	6	6	6	6	60	60
1500	6	6	6	6	6	6	4	4	3	3	3	3	4	4	4	37	4	4	37	37	2	2	2	2	2	2	2	19	2	2	2	2	43	77	3	12	37	77	2	2	4	4	2	2	4	16	21	21	12	77	2	2	21	21	2	77	2	2	2	15	37	37	12	37	2	43	2	2	2	2	37	37	15	37	15	15	4	4	3	3	16	16	16	16	4	16	2	15	2	2	2	2	12	12	2	12	6	6	6	6	24	24
1520	6	6	6	6	6	6	3	4	3	3	3	3	4	4	77	37	4	4	2	37	2	2	2	2	2	2	2	19	2	2	2	2	46	77	2	12	77	77	2	2	4	4	2	2	4	16	21	21	77	77	2	2	4	21	77	77	2	77	2	15	77	77	43	77	2	46	2	2	2	2	2	2	2	2	2	2	77	77	3	3	3	3	46	77	46	46	2	46	2	2	2	2	43	43	19	43	6	6	6	6	60	60
1540	6	6	6	6	6	6	4	4	3	3	3	3	4	4	37	37	4	4	2	37	2	2	2	2	2	2	2	19	2	2	2	2	37	77	3	12	2	77	2	2	2	4	2	2	16	16	4	21	77	77	2	2	4	16	77	77	77	77	2	2	2	2	2	2	15	37	2	2	2	2	2	2	2	2	2	2	37	37	3	3	4	16	37	37	37	37	15	37	4	15	15	15	4	15	37	77	6	6	6	6	87	87
1560	6	6	6	6	6	6	3	4	3	3	3	3	4	4	37	37	4	4	2	37	2	2	2	2	2	2	2	19	2	2	2	2	77	77	3	12	19	77	2	2	4	4	15	2	4	16	4	21	77	77	2	2	4	4	43	77	43	43	2	15	2	19	2	2	3	77	2	2	2	2	2	2	2	2	2	2	37	37	3	3	3	3	37	37	37	37	37	37	37	37	2	37	2	2	43	43	6	6	6	6	93	93
1580	6	6	6	6	6	6	4	4	3	3	3	3	4	4	37	37	4	4	2	37	2	2	2	2	2	2	2	19	2	2	2	2	3	77	53	12	2	77	2	2	2	4	2	2	16	16	4	21	16	77	2	2	4	16	16	16	2	37	2	2	2	2	2	2	53	53	2	2	2	2	2	2	2	2	2	2	37	37	3	3	3	16	37	37	37	37	12	37	2	12	53	53	53	53	53	53	6	6	6	6	53	53
1600	6	6	6	6	6	6	4	4	3	3	3	3	4	4	2	37	4	4	2	37	2	2	2	2	2	2	2	19	2	2	2	2	21	77	3	12	16	77	2	2	4	4	2	2	4	16	4	21	47	77	2	2	4	4	20	47	2	43	15	15	2	37	2	15	25	47	2	2	2	2	2	2	2	2	2	2	15	15	3	3	3	16	37	37	37	37	15	37	4	15	57	57	87	87	56	87	6	6	6	6	56	56
1620	6	6	6	6	6	6	4	4	3	3	3	3	4	4	4	37	4	4	37	37	2	2	2	2	2	2	2	19	2	2	2	2	43	77	3	12	2	77	2	2	0	4	2	2	4	16	4	21	46	77	2	2	4	4	15	46	37	15	2	8	2	2	2	2	2	43	2	2	2	2	37	37	37	37	37	37	4	4	3	3	16	16	4	16	4	4	12	37	2	12	2	2	2	2	12	37	6	6	6	6	53	53
1640	6	6	6	6	6	6	3	4	3	3	3	3	4	4	37	37	4	4	12	37	2	2	2	2	2	2	2	19	2	2	2	2	2	77	2	12	77	77	2	2	2	4	2	2	16	16	4	21	46	77	2	2	4	16	46	46	2	46	2	2	77	77	77	77	2	2	2	2	2	2	2	12	2	2	2	2	37	37	3	3	3	3	12	37	37	37	2	37	2	2	2	2	15	77	4	15	6	6	6	6	26	26
1660	6	6	6	6	6	6	4	4	3	3	3	3	4	4	37	37	4	4	2	37	2	2	2	2	2	2	2	19	2	2	2	2	37	77	2	12	77	77	2	2	4	4	2	2	4	16	4	21	37	77	2	2	4	4	37	37	3	37	2	15	43	77	43	43	2	37	2	2	2	2	2	2	2	2	2	2	37	37	3	3	3	16	37	37	37	37	2	37	2	2	2	2	43	43	19	43	6	6	6	6	60	60
1680	6	6	6	6	6	6	4	4	3	3	3	3	4	4	37	37	4	4	2	37	2	2	2	2	2	2	2	19	2	2	2	2	19	77	2	12	12	77	2	2	4	4	24	2	4	16	4	21	43	77	2	2	4	4	21	77	2	46	56	56	3	12	87	87	2	19	2	2	2	2	2	2	2	2	2	2	37	37	3	3	3	16	37	37	37	37	2	37	2	2	2	2	87	87	87	87	6	6	6	6	87	87
1700	6	6	6	6	6	6	4	4	3	3	16	3	4	4	4	37	4	4	37	37	2	2	2	2	2	2	2	19	2	2	19	2	77	77	3	12	2	77	2	2	2	4	2	2	4	16	4	21	77	77	2	2	4	4	37	77	2	37	2	2	2	2	2	2	2	77	2	2	2	2	37	37	37	37	37	37	4	4	16	16	4	16	4	4	4	4	2	37	2	19	2	2	2	2	2	2	6	6	6	6	24	24
1720	6	6	6	6	6	6	3	4	3	3	3	3	4	4	16	37	4	4	37	37	2	2	2	2	2	2	2	19	2	2	2	2	12	77	3	12	43	77	2	2	2	4	2	2	16	16	4	21	37	77	2	2	3	16	2	37	2	2	2	2	43	43	93	43	2	12	2	2	2	2	37	37	37	37	15	37	16	16	3	3	3	3	4	16	4	4	2	15	19	2	2	19	93	93	93	93	6	6	6	6	93	93
1740	6	6	6	6	6	6	3	4	3	3	3	3	4	4	37	37	4	4	2	37	2	2	2	2	2	2	2	19	2	2	2	2	2	77	12	12	46	77	2	2	4	4	4	2	4	16	4	21	77	77	2	2	4	4	77	77	77	77	4	4	46	46	2	46	2	12	2	2	2	2	2	2	2	2	2	2	37	37	3	3	3	3	37	37	37	37	2	37	2	2	2	2	2	2	43	77	6	6	6	6	93	93
1760	6	6	6	6	6	6	4	4	3	3	3	3	4	4	4	37	4	4	2	37	2	2	2	2	2	2	2	19	2	2	2	2	21	77	12	12	3	77	2	2	2	4	2	2	4	16	4	21	77	77	2	2	4	4	21	77	74	46	2	2	2	12	2	2	2	77	2	2	2	2	2	2	2	2	2	2	4	4	3	3	16	16	4	16	4	4	2	15	2	2	2	2	2	2	19	74	6	6	6	6	60	60
1780	6	6	6	6	6	6	4	4	3	3	16	3	4	4	37	37	4	4	15	37	2	2	2	2	2	2	2	19	2	2	2	2	43	77	2	12	15	77	2	2	15	4	2	2	4	16	4	21	77	77	2	2	4	4	77	77	2	77	2	15	15	15	15	15	2	43	2	2	2	2	15	15	2	15	2	2	37	37	16	16	3	16	37	37	37	37	12	37	2	12	2	2	15	15	15	15	6	6	6	6	56	56
1800	6	6	6	6	6	6	4	4	3	3	3	3	4	4	4	37	4	4	12	37	2	2	2	2	2	2	2	19	2	2	12	2	77	77	2	12	46	77	2	2	4	4	2	2	4	16	4	21	77	77	2	2	4	4	46	77	2	46	15	15	4	46	15	15	20	77	2	2	2	2	12	12	12	12	3	12	4	4	3	3	16	16	16	16	16	16	3	16	3	12	20	20	77	77	16	77	6	6	6	6	57	57
1820	6	6	6	6	6	6	3	4	3	3	3	3	4	4	37	37	4	4	37	37	2	2	2	2	2	2	2	19	2	2	2	2	37	77	2	12	15	77	2	2	4	4	15	2	4	16	4	21	46	77	2	2	4	4	15	46	2	15	2	15	2	15	2	2	2	37	2	2	2	2	12	37	12	12	2	12	37	37	3	3	3	3	37	37	37	37	2	37	2	2	2	2	2	2	2	2	6	6	6	6	24	24
1840	6	6	6	6	6	6	3	4	3	3	3	3	4	4	77	37	4	4	12	37	2	2	2	2	2	2	2	19	2	2	2	2	2	77	12	12	12	77	2	2	4	4	2	2	4	16	4	21	47	77	2	2	4	4	47	47	2	77	2	15	12	12	2	12	2	12	2	2	2	2	2	12	2	2	2	2	77	77	3	3	3	3	77	77	77	77	46	77	21	46	46	46	46	46	46	46	6	6	6	6	96	96
1860	6	6	6	6	6	6	3	4	3	3	3	3	4	4	37	37	4	4	2	37	2	2	2	2	2	2	2	19	2	2	2	2	12	77	2	12	19	77	2	2	4	4	2	2	4	16	4	21	46	77	2	2	4	4	15	46	2	15	2	15	2	19	2	2	2	12	2	2	2	2	2	2	2	2	2	2	37	37	3	3	3	3	37	37	37	37	12	37	12	12	12	12	12	12	1	12	6	6	6	6	23	23
1880	6	6	6	6	6	6	16	4	3	3	3	3	4	4	4	37	4	4	37	37	2	2	2	2	2	2	2	19	2	2	2	2	12	77	3	12	43	77	2	2	15	4	2	2	4	16	4	21	77	77	2	2	4	4	37	77	3	37	2	15	93	43	93	93	2	12	2	2	2	2	37	37	37	37	15	37	4	4	3	3	16	16	4	16	4	4	2	15	2	2	2	2	93	93	93	93	6	6	6	6	93	93
1900	6	6	6	6	6	6	4	4	3	3	16	3	4	4	46	37	4	4	2	37	2	2	2	2	2	2	2	19	2	2	2	2	37	77	3	12	77	77	2	2	4	4	2	2	16	16	4	21	77	77	2	2	3	16	15	77	4	15	2	15	77	77	37	77	2	37	2	2	2	2	2	2	2	2	2	2	46	46	4	16	4	4	46	46	46	46	2	46	2	2	2	2	37	37	37	37	6	6	6	6	87	87
1920	6	6	6	6	6	6	16	4	3	3	3	3	4	4	37	37	4	4	2	37	2	2	2	2	2	2	2	19	2	2	2	2	37	77	2	12	2	77	2	2	2	4	2	2	4	16	4	21	77	77	2	2	4	4	77	77	46	77	2	2	2	2	2	2	2	37	2	2	2	2	2	2	2	2	2	2	37	37	3	3	3	16	37	37	37	37	2	37	2	2	2	2	2	2	46	46	6	6	6	6	96	96
1940	6	6	6	6	6	6	3	4	3	3	3	3	4	4	37	37	4	4	2	37	2	2	2	2	2	2	2	19	2	2	2	2	15	77	2	12	15	77	2	2	2	4	2	2	4	16	4	21	15	77	2	2	4	4	15	15	2	15	2	2	2	15	2	2	15	15	2	2	2	2	2	2	2	2	2	2	37	37	3	3	3	3	37	37	37	37	2	37	2	2	2	15	2	2	2	2	6	6	6	6	24	24
1960	6	6	6	6	6	6	4	4	37	3	3	3	4	4	4	37	4	4	2	37	2	2	2	2	2	2	2	19	2	2	2	2	77	77	2	12	2	77	2	2	5	4	19	2	4	16	4	21	37	77	2	2	4	4	43	37	2	43	2	19	2	2	2	2	2	77	2	2	2	2	2	2	2	2	2	2	4	4	77	37	77	77	77	77	77	77	77	77	37	77	37	37	12	37	2	12	6	6	6	6	24	24
1980	6	6	6	6	6	6	3	4	3	3	3	3	4	4	37	37	4	4	2	37	2	2	2	2	2	2	2	19	2	2	2	2	2	77	2	12	2	77	2	2	4	4	2	2	4	16	4	21	96	77	2	2	4	4	96	96	96	96	2	15	2	2	2	2	2	2	2	2	2	2	2	2	2	2	2	2	37	37	3	3	3	3	37	37	37	37	2	37	2	2	2	2	2	2	96	96	6	6	6	6	96	96
2000	6	6	6	6	6	6	4	4	3	3	3	3	4	4	15	37	4	4	2	37	2	2	2	2	2	2	2	19	2	2	2	2	77	77	3	12	2	77	2	2	3	4	2	2	4	16	4	21	77	77	2	2	4	4	77	77	46	77	2	12	2	2	2	2	15	77	2	2	2	2	2	2	2	2	2	2	15	15	3	3	4	16	15	15	15	15	2	15	2	2	15	15	2	15	19	46	6	6	6	6	60	60
2020	6	6	6	6	6	6	3	4	3	3	3	3	4	4	77	37	4	4	2	37	2	2	2	2	2	2	2	19	2	2	2	2	20	77	2	12	2	77	2	2	4	4	2	2	4	16	4	21	77	77	2	2	4	4	15	77	2	15	2	15	2	2	2	2	3	43	2	2	2	2	2	2	2	2	2	2	47	77	3	3	3	3	47	47	47	47	43	77	43	43	43	43	43	43	43	43	6	6	6	6	93	93
2040	6	6	6	6	6	6	3	4	3	3	3	3	4	4	37	37	4	4	2	37	2	2	2	2	2	2	2	19	2	2	2	2	2	77	12	12	43	77	2	2	4	4	2	2	4	16	4	21	77	77	2	2	4	4	12	77	12	12	2	15	2	43	2	2	2	12	2	2	2	2	2	2	2	2	2	2	37	37	3	3	3	3	37	37	37	37	37	37	12	37	2	12	2	2	2	12	6	6	6	6	24	24
2060	6	6	6	6	6	6	4	4	3	3	3	3	4	4	4	37	4	4	15	37	2	2	2	2	2	2	2	19	2	2	2	2	43	77	2	12	2	77	2	2	15	4	2	2	4	16	4	21	37	77	2	2	4	4	15	37	2	15	2	15	2	2	2	2	12	43	2	2	2	2	15	15	15	15	15	15	4	4	3	3	16	16	16	16	4	16	2	15	2	2	2	12	2	2	2	2	6	6	6	6	24	24
2080	6	6	6	6	6	6	4	4	3	3	3	3	4	4	37	37	4	4	2	37	2	2	2	2	2	2	2	19	2	2	2	2	37	77	2	12	2	77	2	2	4	4	2	2	4	16	4	21	46	77	2	2	4	4	46	46	46	46	2	15	2	2	2	2	2	37	2	2	2	2	2	2	2	2	2	2	37	37	3	3	4	16	37	37	37	37	2	37	2	2	2	2	2	2	21	46	6	6	6	6	62	62
2100	6	6	6	6	6	6	4	4	3	3	3	3	4	4	4	37	4	4	15	37	2	2	2	2	2	2	2	19	2	2	2	2	77	77	2	12	46	77	2	2	4	4	2	2	4	16	4	21	77	77	2	2	4	4	46	77	46	46	2	15	2	46	2	2	2	77	2	2	2	2	15	15	15	15	15	15	4	4	3	3	4	16	4	4	4	4	2	15	2	2	2	2	2	2	46	46	6	6	6	6	96	96
2120	6	6	6	6	6	6	4	4	3	3	3	3	4	4	4	37	4	4	2	37	2	2	2	2	2	2	2	19	2	2	2	2	19	77	2	12	2	77	2	2	4	4	2	2	16	16	4	21	16	77	2	2	3	16	16	16	2	37	15	15	2	2	2	15	2	19	2	2	2	2	2	2	2	2	2	2	4	4	3	3	16	16	16	16	16	16	2	37	2	2	2	2	2	2	2	2	6	6	6	6	24	24
2140	6	6	6	6	6	6	4	4	16	3	3	3	4	4	4	37	4	4	15	37	2	2	2	2	2	2	2	19	2	2	2	2	37	77	2	12	37	77	2	2	4	4	2	2	4	16	4	21	12	77	2	2	4	4	15	37	2	15	2	15	2	37	2	2	2	37	2	2	2	2	15	15	15	15	15	15	4	4	16	16	4	16	4	4	4	4	15	15	2	15	2	2	2	2	2	2	6	6	6	6	24	24
2160	6	6	6	6	6	6	3	4	3	3	3	3	4	4	37	37	4	4	15	37	2	2	2	2	2	2	2	19	2	2	2	2	43	77	2	12	12	77	2	2	15	4	2	2	4	16	4	21	77	77	2	2	4	4	77	77	77	77	2	15	12	12	12	12	2	43	2	2	2	2	2	15	2	2	2	2	37	37	3	3	3	3	37	37	12	37	2	12	2	2	2	2	2	12	43	77	6	6	6	6	93	93
2180	6	6	6	6	6	6	4	4	3	3	20	3	4	4	37	37	4	4	2	37	2	2	2	2	2	2	2	19	2	2	2	2	15	77	2	12	2	77	2	2	21	4	2	2	16	16	4	21	77	77	2	2	3	16	37	77	37	37	15	46	2	2	15	15	2	15	2	2	2	2	2	2	2	2	2	2	37	37	20	20	4	47	37	37	37	37	2	37	2	2	2	2	4	15	46	37	6	6	6	6	96	96
2200	6	6	6	6	6	6	3	4	3	3	3	3	4	4	16	37	4	4	15	37	2	2	2	2	2	2	2	19	2	2	2	2	12	77	3	12	12	77	2	2	21	4	2	2	4	16	4	21	15	77	2	2	4	4	15	15	2	15	19	46	2	12	19	19	19	12	2	2	2	2	15	15	15	15	15	15	16	16	3	3	3	3	16	16	4	16	2	15	2	2	5	19	19	19	19	19	6	6	6	6	60	60
2220	6	6	6	6	6	6	16	4	3	3	3	3	4	4	15	37	4	4	2	37	2	2	2	2	2	2	2	19	2	2	2	2	2	77	2	12	77	77	2	2	4	4	2	2	16	16	4	21	77	77	2	2	3	16	2	77	2	2	2	15	77	77	70	77	2	2	2	2	2	2	2	2	2	2	2	2	15	15	3	3	4	16	15	15	15	15	2	15	2	2	2	2	70	70	30	70	6	6	6	6	80	80
2240	6	6	6	6	6	6	3	4	3	3	3	3	4	4	37	37	4	4	2	37	2	2	2	2	2	2	2	19	2	2	2	2	12	77	2	12	43	77	2	2	4	4	2	2	4	16	4	21	46	77	2	2	4	4	15	46	2	15	2	15	43	43	12	43	2	12	2	2	2	2	2	2	2	2	2	2	12	37	3	3	3	3	12	12	37	37	2	37	2	2	2	2	12	12	12	12	6	6	6	6	53	53
2260	6	6	6	6	6	6	16	4	3	3	3	3	4	4	4	37	4	4	2	37	2	2	2	2	2	2	2	19	2	2	2	2	37	77	3	12	37	77	2	2	4	4	2	2	16	16	4	21	47	77	2	2	4	16	4	47	4	15	2	15	3	37	2	12	2	37	2	2	2	2	2	2	2	2	2	2	4	4	3	3	16	16	4	16	4	4	2	15	2	2	2	2	2	2	34	15	6	6	6	6	84	84
2280	6	6	6	6	6	6	3	4	3	3	3	3	4	4	37	37	4	4	37	37	2	2	2	2	2	2	2	19	2	2	2	2	37	77	2	12	2	77	2	2	4	4	15	2	16	16	4	21	43	77	2	2	3	16	43	43	43	43	15	15	2	2	2	15	2	37	2	2	2	2	37	37	37	37	2	37	37	37	3	3	3	3	37	37	37	37	12	37	2	12	2	2	2	2	19	43	6	6	6	6	60	60
2300	6	6	6	6	6	6	3	4	3	3	3	3	4	4	37	37	4	4	2	37	2	2	2	2	2	2	2	19	2	2	2	2	77	77	2	12	2	77	2	2	2	4	2	2	4	16	4	21	77	77	2	2	4	4	15	77	2	15	2	2	2	2	2	2	12	77	2	2	2	2	2	2	2	2	2	2	37	37	3	3	3	3	15	37	15	15	2	15	2	2	12	12	12	12	12	12	6	6	6	6	53	53
2320	6	6	6	6	6	6	4	4	3	3	3	3	4	4	4	37	4	4	15	37	2	2	2	2	2	2	2	19	2	2	2	2	77	77	3	12	2	77	2	2	4	4	2	2	16	16	4	21	77	77	2	2	3	16	37	77	4	37	15	15	2	2	4	15	77	77	2	2	2	2	2	15	2	2	2	2	4	4	3	3	16	16	16	16	16	16	2	37	2	2	77	77	47	77	5	47	6	6	6	6	27	27
2340	6	6	6	6	6	6	3	4	3	3	3	3	4	4	67	37	4	4	2	37	2	2	2	2	2	2	2	19	2	2	2	2	43	77	2	12	2	77	1	2	2	4	2	2	3	16	16	21	77	77	2	2	3	16	46	77	46	46	2	2	2	9	2	2	2	43	2	2	2	2	2	2	2	2	2	2	67	67	3	3	3	3	67	67	67	67	2	67	2	2	2	2	2	2	15	46	6	6	6	6	56	56
2360	6	6	6	6	6	6	4	4	3	3	3	3	4	4	37	37	4	4	15	37	2	2	2	2	2	2	2	19	2	2	2	2	15	77	2	12	2	77	2	2	4	4	15	2	4	16	4	21	77	77	2	2	4	4	12	77	2	12	15	15	2	2	2	15	2	15	2	2	2	2	15	15	2	15	2	2	37	37	3	3	3	16	15	37	15	15	2	15	2	2	2	2	2	2	2	2	6	6	6	6	24	24
2380	6	6	6	6	6	6	4	4	3	3	3	3	4	4	4	37	4	4	37	37	2	2	2	2	2	2	2	19	2	2	2	2	2	77	2	12	15	77	2	2	4	4	2	2	16	16	4	21	43	77	2	2	3	16	43	43	43	43	2	15	4	15	2	15	2	2	2	2	2	2	37	37	37	37	37	37	4	4	3	3	4	16	4	4	4	4	2	37	2	2	2	2	2	2	43	43	6	6	6	6	93	93
2400	6	6	6	6	6	6	3	4	3	3	3	3	4	4	37	37	4	4	2	37	2	2	2	2	2	2	2	19	2	2	2	2	15	77	2	12	12	77	2	2	4	4	2	2	16	16	4	21	77	77	2	2	3	16	37	77	15	37	15	15	2	12	2	15	2	15	2	2	2	2	2	2	2	2	2	2	37	37	3	3	3	3	37	37	37	37	2	37	2	2	2	2	2	2	15	15	6	6	6	6	56	56
2420	6	6	6	6	6	6	4	4	3	3	3	3	4	4	37	37	4	4	2	37	2	2	2	2	2	2	2	19	2	2	2	2	77	77	3	12	2	77	2	2	4	4	15	2	4	16	21	21	21	77	2	2	4	21	4	21	15	15	2	15	2	2	2	2	2	77	2	2	2	2	2	2	2	2	2	2	2	37	3	3	4	16	15	15	15	15	15	15	2	15	2	2	2	2	15	15	6	6	6	6	56	56
2440	6	6	6	6	6	6	3	4	3	3	3	3	4	4	12	37	4	4	2	37	2	2	2	2	2	2	19	19	2	2	2	2	4	77	37	12	77	77	2	2	4	4	2	2	4	16	4	21	77	77	2	2	4	4	46	77	2	46	2	15	77	77	46	77	2	37	2	2	2	19	2	2	2	2	2	2	37	37	3	3	3	3	37	37	37	37	12	37	2	12	2	2	46	46	46	46	6	6	6	6	96	96
2460	6	6	6	6	6	6	4	4	3	3	3	3	4	4	4	37	4	4	2	37	2	2	2	2	2	2	19	19	2	2	2	2	4	77	37	12	12	77	2	2	4	4	2	2	16	16	4	21	3	77	2	2	4	16	4	16	2	15	2	15	2	12	2	2	37	37	2	2	19	19	2	2	19	19	19	19	4	4	3	3	16	16	16	16	16	16	2	77	2	2	37	37	37	37	37	37	6	6	6	6	87	87
2480	6	6	6	6	6	6	3	4	3	3	3	3	4	4	37	37	4	4	15	37	2	2	2	2	2	2	2	19	2	2	2	2	46	77	2	12	2	77	2	2	4	4	2	2	4	16	4	21	46	77	2	2	4	4	2	46	2	2	2	15	2	2	2	2	2	46	2	2	2	2	2	15	2	2	2	2	37	37	3	3	3	3	37	37	37	37	2	37	2	2	2	2	2	2	2	2	6	6	6	6	24	24
2500	6	6	6	6	6	6	4	4	3	3	3	3	4	4	3	37	4	4	2	37	2	2	2	2	2	2	2	19	2	2	2	2	3	77	2	12	3	77	2	2	4	4	2	2	4	16	21	21	12	77	2	2	21	21	37	77	12	37	2	15	2	12	2	2	2	12	2	2	2	2	2	2	2	2	2	2	3	16	3	3	16	16	16	16	16	16	15	37	2	15	2	2	2	2	12	12	6	6	6	6	53	53
2520	6	6	6	6	6	6	4	4	3	3	12	3	4	4	4	37	4	4	2	37	2	2	2	2	2	2	2	19	2	2	2	2	37	77	3	12	37	77	2	2	4	4	4	2	16	16	4	21	43	77	2	2	3	16	43	43	3	43	4	4	37	37	37	37	2	37	2	2	2	2	2	2	2	2	2	2	4	4	12	12	37	37	37	37	37	37	2	37	2	2	2	2	16	37	3	16	6	6	6	6	25	25
2540	6	6	6	6	6	6	4	4	3	3	3	3	4	4	34	37	4	4	2	37	2	2	2	2	2	2	2	19	2	2	2	2	77	77	3	12	37	77	2	2	4	4	2	2	4	16	4	21	77	77	2	2	4	4	37	77	4	37	4	15	37	37	2	37	46	77	2	2	2	2	2	2	2	2	2	2	34	34	3	3	4	16	34	34	34	34	2	34	2	2	46	46	46	46	21	46	6	6	6	6	62	62
2560	6	6	6	6	6	6	4	4	3	3	3	3	4	4	4	37	4	4	16	37	2	2	2	2	2	2	2	19	2	2	2	2	37	77	2	12	2	77	2	2	4	4	2	2	4	16	4	21	37	77	2	2	4	4	37	37	4	37	2	15	2	2	2	2	2	37	2	2	2	2	37	37	37	37	37	37	4	4	3	3	16	16	4	16	4	4	37	37	37	37	37	37	37	37	37	37	6	6	6	6	87	87
2580	6	6	6	6	6	6	3	4	3	3	3	3	4	4	37	37	4	4	2	37	2	2	2	2	2	2	2	19	2	2	2	2	12	77	2	12	12	77	2	2	4	4	2	2	4	16	4	21	37	77	2	2	4	4	2	37	2	2	2	15	2	12	2	2	2	12	2	2	2	2	2	2	2	2	2	2	37	37	3	3	3	3	37	37	37	37	15	37	2	15	2	2	2	2	2	2	6	6	6	6	24	24
2600	6	6	6	6	6	6	3	4	3	3	3	3	4	4	37	37	4	4	15	37	2	2	2	2	2	2	2	19	2	2	2	2	77	77	2	12	77	77	2	2	4	4	2	2	4	16	4	21	77	77	2	2	4	4	77	77	3	77	2	15	77	77	12	77	20	77	2	2	2	2	15	15	15	15	2	15	37	37	3	3	3	3	37	37	37	37	12	37	3	12	3	20	12	12	12	12	6	6	6	6	53	53
2620	6	6	6	6	6	6	3	4	3	3	3	3	4	4	37	37	4	4	12	37	2	2	2	2	2	2	2	19	2	2	2	2	77	77	2	12	19	77	2	2	4	4	2	2	16	16	4	21	77	77	2	2	3	16	46	77	15	46	2	15	2	19	2	2	3	77	2	2	2	2	2	12	2	2	2	2	37	37	3	3	3	3	37	37	37	37	37	37	12	37	2	12	2	2	37	15	6	6	6	6	87	87
2640	6	6	6	6	6	6	3	4	3	3	3	3	4	4	12	37	4	4	2	37	2	2	2	2	2	2	2	19	2	2	2	2	15	77	2	12	2	77	2	2	4	4	2	2	16	16	4	21	77	77	2	2	3	16	77	77	43	77	15	15	2	2	2	15	2	15	2	2	2	2	2	2	2	2	2	2	37	37	3	3	3	3	15	37	15	15	2	15	2	2	2	2	2	2	43	43	6	6	6	6	93	93
2660	6	6	6	6	6	6	16	4	3	3	3	3	4	4	4	37	4	4	37	37	2	2	2	2	2	2	2	19	2	2	2	2	2	77	2	12	2	77	2	2	2	4	2	2	4	16	4	21	77	77	2	2	4	4	46	77	46	46	2	2	2	2	2	2	2	2	2	2	2	2	37	37	37	37	37	37	4	4	3	3	4	16	4	4	4	4	2	37	2	2	2	2	2	2	46	46	6	6	6	6	96	96
2680	6	6	6	6	6	6	3	4	3	3	3	3	4	4	37	37	4	4	2	37	2	2	2	2	2	2	2	19	2	2	2	2	2	77	2	12	2	77	2	2	4	4	15	2	4	16	4	21	77	77	2	2	4	4	37	77	15	37	2	15	2	2	2	2	2	2	2	2	2	2	2	2	2	2	2	2	37	37	3	3	3	3	37	37	37	37	2	37	2	2	2	2	2	2	35	15	6	6	6	6	85	85
2700	6	6	6	6	6	6	4	4	3	3	3	3	4	4	4	37	4	4	37	37	2	2	2	2	2	2	2	19	2	2	2	2	12	77	2	12	77	77	2	2	4	4	2	2	4	16	4	21	77	77	2	2	4	4	47	77	3	77	2	15	37	77	37	37	2	12	2	2	2	2	37	37	37	37	12	37	4	4	3	3	16	16	16	16	3	16	2	12	2	2	2	2	37	37	15	37	6	6	6	6	56	56
2720	6	6	6	6	6	6	3	4	3	3	3	3	4	4	37	37	4	4	2	37	2	2	2	2	2	2	2	19	2	2	2	2	37	77	3	12	12	77	2	2	2	4	2	2	4	16	4	21	37	77	2	2	4	4	12	37	2	12	2	2	12	12	2	12	15	37	2	2	2	2	2	2	2	2	2	2	37	37	3	3	3	3	37	37	37	37	2	37	2	2	2	15	2	2	2	2	6	6	6	6	24	24
2740	6	6	6	6	6	6	3	4	3	3	3	3	4	4	77	37	4	4	2	37	2	2	2	2	2	2	2	19	2	2	2	2	37	77	2	12	77	77	2	2	15	4	2	2	16	16	4	21	77	77	2	2	4	16	77	77	37	77	2	15	77	77	20	77	37	37	2	2	2	2	2	2	2	2	2	2	77	77	3	3	3	3	77	77	77	77	2	77	2	2	3	37	3	20	12	37	6	6	6	6	53	53
2760	6	6	6	6	6	6	3	4	3	3	3	3	4	4	37	37	4	4	2	37	2	2	2	2	2	2	2	19	2	2	2	2	19	77	2	12	2	77	2	2	15	4	2	2	4	16	4	21	77	77	2	2	4	4	77	77	2	77	2	15	2	2	2	2	60	19	2	2	2	2	2	2	2	2	2	2	37	37	3	3	3	3	37	37	12	37	2	12	2	2	60	60	60	60	56	60	6	6	6	6	56	56
2780	6	6	6	6	6	6	16	4	3	3	3	3	4	4	16	37	4	4	37	37	2	2	2	2	2	2	19	19	2	2	2	2	77	77	3	12	12	77	2	2	4	4	2	2	16	16	4	21	37	77	2	2	3	16	37	37	4	37	2	15	2	12	2	2	4	77	2	2	19	19	2	37	19	19	19	19	4	16	3	3	16	16	16	16	16	16	77	77	77	77	77	77	77	77	19	77	6	6	6	6	60	60
2800	6	6	6	6	6	6	4	4	3	3	3	3	4	4	3	37	4	4	37	37	2	2	2	2	2	2	2	19	2	2	2	2	43	77	2	12	2	77	2	2	4	4	2	2	16	16	4	21	19	77	2	2	16	16	77	77	43	77	2	15	2	2	2	2	2	43	2	2	2	2	37	37	16	37	37	37	16	16	3	3	3	16	16	16	3	16	2	37	2	2	2	2	2	2	93	43	6	6	6	6	93	93
2820	6	6	6	6	6	6	16	4	3	3	3	3	4	4	37	37	4	4	12	37	2	2	2	2	2	2	2	19	2	2	2	2	12	77	2	12	37	77	2	2	4	4	37	2	4	16	4	21	77	77	2	2	4	4	47	77	19	77	2	37	37	37	2	37	2	12	2	2	2	2	2	12	2	2	2	2	37	37	3	3	3	16	37	37	37	37	2	37	2	2	2	2	2	2	19	19	6	6	6	6	60	60
2840	6	6	6	6	6	6	21	4	3	3	3	3	4	4	4	37	4	4	15	37	2	2	2	2	2	2	2	19	2	2	2	2	2	77	2	12	2	77	2	2	4	4	2	2	4	16	4	21	15	77	2	2	4	4	4	15	2	15	2	15	2	2	2	2	2	2	2	2	2	2	2	15	19	2	19	19	4	4	3	3	47	47	16	47	16	16	77	77	77	77	77	77	77	77	19	77	6	6	6	6	60	60
2860	6	6	6	6	6	6	3	4	3	3	3	3	4	4	37	37	4	4	15	37	2	2	2	2	2	2	2	19	2	2	2	2	2	77	12	12	15	77	2	2	2	4	2	2	4	16	4	21	37	77	2	2	4	4	2	37	2	2	2	2	2	15	2	2	3	12	2	2	2	2	2	15	2	2	2	2	37	37	3	3	3	3	37	37	37	37	87	37	87	87	87	87	53	87	87	53	6	6	6	6	87	87
2880	6	6	6	6	6	6	4	4	16	3	3	3	4	4	37	37	4	4	15	37	2	2	2	2	2	2	2	19	2	2	2	2	15	77	2	12	2	77	2	2	4	4	2	2	16	16	4	21	43	77	2	2	3	16	19	43	2	19	2	15	2	2	2	2	2	15	2	2	2	2	2	15	2	2	2	2	37	37	16	16	3	16	15	37	15	15	2	15	2	2	2	2	2	2	2	2	6	6	6	6	24	24
2900	6	6	6	6	6	6	4	4	16	3	3	3	4	4	4	37	4	4	37	37	2	2	2	2	2	2	2	19	2	2	2	2	2	77	3	12	12	77	2	2	15	4	2	2	4	16	4	21	46	77	2	2	4	4	15	46	2	15	15	15	2	12	4	15	2	12	2	2	2	2	37	37	37	37	37	37	4	4	16	16	16	16	4	16	4	4	87	37	87	87	87	87	87	87	53	87	6	6	6	6	53	53
2920	6	6	6	6	6	6	4	4	3	3	3	3	4	4	37	37	4	4	12	37	2	2	2	2	2	2	2	19	2	2	15	2	77	77	3	12	77	77	2	2	4	4	4	2	4	16	4	21	46	77	2	2	4	4	15	46	2	15	4	4	21	77	5	21	46	77	2	2	2	2	2	12	2	2	2	2	15	37	4	3	4	4	15	15	15	15	4	15	4	15	46	46	46	46	46	46	6	6	6	6	96	96
2940	6	6	6	6	6	6	3	4	3	3	3	3	4	4	37	37	4	4	2	37	2	2	2	2	2	2	2	19	2	2	2	2	43	77	2	12	77	77	2	2	4	4	2	2	16	16	4	21	43	77	2	2	3	16	12	43	2	12	2	15	37	77	12	37	2	43	2	2	2	2	2	2	2	2	2	2	37	37	3	3	3	3	37	37	12	37	2	12	2	2	2	2	2	12	2	2	6	6	6	6	24	24
2960	6	6	6	6	6	6	3	4	3	3	3	3	4	4	37	37	4	4	2	37	2	2	2	2	2	2	2	19	2	2	2	2	15	77	2	12	37	77	2	2	15	4	2	2	4	16	4	21	77	77	2	2	4	4	77	77	77	77	2	15	2	37	2	2	2	15	2	2	2	2	2	2	2	2	2	2	37	37	3	3	3	3	15	37	15	15	2	15	2	2	2	2	2	2	19	77	6	6	6	6	60	60
2980	6	6	6	6	6	6	4	4	3	3	16	3	4	4	4	37	4	4	37	37	2	2	2	2	2	2	2	19	2	2	2	2	77	77	3	12	46	77	2	2	2	4	2	2	4	16	4	21	77	77	2	2	4	4	77	77	4	77	2	2	15	46	15	15	16	77	2	2	2	2	37	37	37	37	2	37	4	4	16	16	16	16	4	16	4	4	15	15	4	15	4	16	15	15	15	15	6	6	6	6	56	56
3000	6	6	6	6	6	6	4	4	16	3	3	3	4	4	4	37	4	4	37	37	2	2	2	2	2	2	2	19	2	2	2	2	2	77	2	12	2	77	2	2	2	4	2	2	4	16	4	21	37	77	2	2	4	4	37	37	4	37	2	2	2	2	2	2	2	2	2	2	2	2	15	37	15	15	15	15	4	4	16	16	4	16	4	4	4	4	15	15	15	15	15	15	15	15	15	15	6	6	6	6	56	56
3020	6	6	6	6	6	6	4	4	3	3	3	3	4	4	4	37	4	4	2	37	2	2	2	2	2	2	19	19	2	2	2	2	46	77	2	12	15	77	2	2	4	4	2	2	4	16	4	21	77	77	2	2	4	4	16	77	2	37	4	15	15	15	34	15	2	46	2	2	19	19	2	2	19	19	19	19	4	4	3	3	16	16	16	16	16	16	2	77	2	2	2	2	34	34	34	34	6	6	6	6	84	84
3040	6	6	6	6	6	6	16	4	3	3	3	3	4	4	37	37	4	4	37	37	2	2	2	2	2	2	2	19	2	2	2	2	77	77	2	12	15	77	2	2	2	4	2	2	4	16	4	21	77	77	2	2	4	4	2	77	2	2	2	2	2	15	2	2	77	77	2	2	2	2	2	37	2	2	2	2	37	37	3	3	3	16	37	37	37	37	12	37	3	12	77	77	37	77	12	37	6	6	6	6	53	53
3060	6	6	6	6	6	6	4	4	3	3	3	3	4	4	15	37	4	4	2	37	2	2	2	2	2	2	2	19	2	2	2	2	43	77	2	12	2	77	2	2	4	4	2	2	4	16	4	21	37	77	2	2	4	4	37	37	4	37	15	15	2	2	4	15	2	43	2	2	2	2	2	2	2	2	2	2	15	15	4	3	4	4	15	15	15	15	15	15	15	15	4	15	4	4	4	4	6	6	6	6	26	26
3080	6	6	6	6	6	6	4	4	3	3	3	3	4	4	4	37	4	4	12	37	2	2	2	2	2	2	2	19	2	2	2	2	77	77	2	12	2	77	2	2	4	4	2	2	4	16	4	21	47	77	2	2	4	4	21	47	2	46	15	15	2	2	2	15	2	77	2	2	2	2	2	12	2	2	2	2	4	4	3	3	16	16	16	16	16	16	2	37	2	2	2	2	2	2	2	2	6	6	6	6	24	24
3100	6	6	6	6	6	6	4	4	3	3	3	3	4	4	15	37	4	4	2	37	2	2	2	2	2	2	2	19	2	2	2	2	2	77	2	12	2	77	2	2	4	4	2	2	4	16	4	21	16	77	2	2	4	4	4	16	2	15	2	15	2	2	2	2	2	2	2	2	2	2	2	2	2	2	2	2	15	15	3	3	4	16	15	15	15	15	2	15	2	2	2	2	2	2	2	2	6	6	6	6	24	24
3120	6	6	6	6	6	6	3	4	3	3	3	3	4	4	37	37	4	4	2	37	2	2	2	2	2	2	2	19	2	2	2	2	77	77	2	12	77	77	2	2	15	4	2	2	4	16	4	21	77	77	2	2	4	4	77	77	12	77	2	15	77	77	2	77	2	77	2	2	2	2	2	2	2	2	2	2	37	37	3	3	3	3	37	37	37	37	2	37	2	2	2	2	2	2	12	12	6	6	6	6	53	53
3140	6	6	6	6	6	6	4	4	3	3	3	3	4	4	37	37	4	4	12	37	2	2	2	2	2	2	2	19	2	2	2	2	77	77	3	12	46	77	2	2	4	4	2	2	4	16	21	21	37	77	2	2	4	21	37	37	2	37	2	15	46	46	46	46	2	77	2	2	2	2	12	12	2	12	2	2	15	37	4	3	4	4	15	15	15	15	2	15	2	2	2	2	46	46	46	46	6	6	6	6	96	96
3160	6	6	6	6	6	6	4	4	3	3	3	3	4	4	15	37	4	4	37	37	2	2	2	2	2	2	2	19	2	2	2	2	19	77	2	12	46	77	2	2	4	4	2	2	4	16	4	21	15	77	2	2	4	4	2	15	2	2	2	15	74	46	74	74	2	19	2	2	2	2	37	37	37	37	37	37	4	15	3	3	16	16	16	16	3	16	2	37	2	2	2	2	46	74	19	46	6	6	6	6	60	60
3180	6	6	6	6	6	6	4	4	16	3	3	3	4	4	37	37	4	4	15	37	2	2	2	2	2	2	2	19	2	2	2	2	43	77	2	12	2	77	2	2	2	4	2	2	16	16	4	21	46	77	2	2	4	16	15	46	15	15	2	2	2	2	2	2	2	43	2	2	2	2	15	15	15	15	2	15	37	37	16	16	3	16	37	37	37	37	2	37	2	2	2	2	2	2	56	15	6	6	6	6	56	56
3200	6	6	6	6	6	6	3	4	3	3	3	3	4	4	37	37	4	4	12	37	2	2	2	2	2	2	2	19	2	2	2	2	37	77	3	12	77	77	2	2	2	4	2	2	4	16	4	21	77	77	2	2	4	4	37	77	2	37	2	2	37	77	12	37	2	37	2	2	2	2	2	12	2	2	2	2	37	37	3	3	3	3	37	37	37	37	2	37	2	2	2	2	12	12	12	12	6	6	6	6	53	53
3220	6	6	6	6	6	6	3	4	3	3	3	3	4	4	37	37	4	4	2	37	2	2	2	2	2	2	2	19	2	2	2	2	43	77	2	12	19	77	2	2	15	4	2	2	16	16	4	21	77	77	2	2	3	16	77	77	12	77	2	15	19	19	2	19	2	43	2	2	2	2	2	2	2	2	2	2	37	37	3	3	3	3	37	37	37	37	15	37	2	15	2	2	2	2	2	12	6	6	6	6	24	24
3240	6	6	6	6	6	6	3	4	3	3	3	3	4	4	37	37	4	4	2	37	2	2	2	2	2	2	2	19	2	2	2	2	2	77	12	12	2	77	2	2	4	4	15	2	16	16	4	21	77	77	2	2	3	16	43	77	2	43	15	15	2	2	15	15	2	12	2	2	2	2	2	2	2	2	2	2	37	37	3	3	3	3	37	37	37	37	2	37	2	2	2	2	15	15	2	15	6	6	6	6	24	24
3260	6	6	6	6	6	6	4	4	3	3	3	3	4	4	16	37	4	4	2	37	2	2	2	2	2	2	2	19	2	2	2	2	77	77	3	12	2	77	2	2	4	4	2	2	4	16	21	21	77	77	2	2	4	21	2	77	2	2	2	15	2	2	2	2	2	77	2	2	2	2	2	2	15	2	15	15	16	16	3	3	3	16	4	16	4	4	2	15	2	2	2	2	2	2	2	2	6	6	6	6	24	24
3280	6	6	6	6	6	6	4	4	3	3	3	3	4	4	15	37	4	4	2	37	2	2	2	2	2	2	2	19	2	2	2	2	2	77	2	12	2	77	2	2	4	4	2	2	4	16	4	21	37	77	2	2	4	4	2	37	2	2	15	15	2	2	15	15	2	2	2	2	2	2	2	2	2	2	2	2	15	15	3	3	4	16	15	15	15	15	2	15	2	2	2	2	15	15	15	15	6	6	6	6	56	56
3300	6	6	6	6	6	6	4	4	3	3	3	3	4	4	16	37	4	4	2	37	2	2	2	2	2	2	2	19	2	2	2	2	12	77	2	12	46	77	2	2	4	4	4	2	4	16	21	21	77	77	2	2	4	21	77	77	77	77	4	4	46	46	2	46	2	12	2	2	2	2	2	2	2	2	2	2	16	16	3	3	3	16	16	16	16	16	2	37	2	2	2	2	2	2	37	77	6	6	6	6	87	87
3320	6	6	6	6	6	6	4	4	67	3	3	3	4	4	16	37	4	4	2	37	2	2	2	2	2	2	2	19	2	2	2	2	43	77	3	12	67	77	2	2	4	4	2	2	3	16	3	21	77	77	2	2	3	3	2	77	2	2	4	15	34	67	34	34	2	43	2	2	2	2	2	2	2	2	2	2	3	16	67	67	67	67	67	67	67	67	15	67	2	15	2	2	34	34	34	34	6	6	6	6	84	84
3340	6	6	6	6	6	6	16	4	3	3	3	3	4	4	77	37	4	4	2	37	2	2	2	2	2	2	2	19	2	2	2	2	77	77	2	12	46	77	2	2	4	4	2	2	4	16	21	21	46	77	2	2	4	21	46	46	4	46	15	15	2	46	15	15	2	77	2	2	2	2	2	2	2	2	2	2	37	77	3	3	3	16	37	37	37	37	2	37	2	2	2	2	15	15	37	15	6	6	6	6	87	87
3360	6	6	6	6	6	6	4	4	3	3	3	3	4	4	15	37	4	4	15	37	2	2	2	2	2	2	2	19	2	2	2	2	43	77	2	12	77	77	2	2	2	4	12	2	3	16	3	21	12	77	2	2	3	3	12	12	2	12	2	12	77	77	77	77	2	43	2	2	2	2	2	15	2	2	2	2	4	15	3	3	16	16	4	16	4	4	2	15	2	2	2	2	77	77	46	77	6	6	6	6	96	96
3380	6	6	6	6	6	6	3	4	3	3	3	3	4	4	77	37	4	4	2	37	2	2	2	2	2	2	2	19	2	2	2	2	2	77	12	12	2	77	2	2	15	4	2	2	3	16	3	21	37	77	2	2	3	3	67	37	34	67	2	15	2	2	2	2	2	12	2	2	2	2	2	2	2	2	2	2	77	77	3	3	3	3	37	77	37	37	12	37	12	12	2	12	2	2	14	34	6	6	6	6	55	55
3400	6	6	6	6	6	6	4	4	3	3	3	3	4	4	37	37	4	4	2	37	2	2	2	2	2	2	2	19	2	2	2	2	12	77	2	12	37	77	2	2	15	4	2	2	4	16	21	21	19	77	2	2	5	21	19	19	2	19	4	15	37	37	37	37	2	12	2	2	2	2	2	2	2	2	2	2	37	37	3	3	3	16	37	37	37	37	2	37	2	2	2	2	37	37	87	37	6	6	6	6	87	87
3420	6	6	6	6	6	6	3	4	3	3	3	3	4	4	37	37	4	4	2	37	2	2	2	2	2	2	2	19	2	2	2	2	77	77	2	12	12	77	2	2	4	4	2	2	4	16	4	21	19	77	2	2	4	4	46	46	2	46	2	15	2	12	2	2	77	77	2	2	2	2	2	2	2	2	2	2	37	37	3	3	3	3	37	37	37	37	2	37	2	2	43	77	43	43	43	43	6	6	6	6	93	93
3440	6	6	6	6	6	6	3	4	3	3	3	3	4	4	37	37	4	4	15	37	2	2	2	2	2	2	2	19	2	2	2	2	3	77	12	12	2	77	2	2	4	4	2	2	4	16	4	21	77	77	2	2	4	4	77	77	77	77	15	15	2	2	2	15	2	12	2	2	2	2	2	15	2	2	2	2	37	37	3	3	3	3	37	37	37	37	2	37	2	2	2	2	2	2	3	77	6	6	6	6	25	25
3460	6	6	6	6	6	6	4	4	3	3	3	3	4	4	4	37	4	4	16	37	2	2	2	2	2	2	2	19	2	2	2	2	46	77	2	12	77	77	2	2	4	4	2	2	4	16	4	21	77	77	2	2	4	4	77	77	2	77	24	15	20	77	93	93	2	46	2	2	2	2	37	37	37	37	15	37	4	4	3	3	4	16	4	4	4	4	2	15	2	2	2	2	93	93	60	93	6	6	6	6	60	60
3480	6	6	6	6	6	6	3	4	3	3	3	3	4	4	37	37	4	4	2	37	2	2	2	2	2	2	2	19	2	2	2	2	46	77	2	12	2	77	2	2	4	4	15	2	4	16	4	21	37	77	2	2	4	4	2	37	2	2	2	15	2	2	2	2	2	46	2	2	2	2	2	2	2	2	2	2	37	37	3	3	3	3	37	37	37	37	12	37	12	12	12	12	12	12	30	12	6	6	6	6	80	80
3500	6	6	6	6	6	6	16	4	3	3	3	3	4	4	4	37	4	4	37	37	2	2	2	2	2	2	2	19	2	2	2	2	77	77	3	12	15	77	2	2	4	4	2	2	4	16	4	21	43	77	2	2	4	4	77	77	21	77	4	15	15	15	15	15	4	77	2	2	2	2	37	37	37	37	15	37	4	4	3	3	16	16	4	16	4	4	15	15	4	15	4	4	4	15	21	21	6	6	6	6	62	62
3520	6	6	6	6	6	6	3	4	3	3	3	3	4	4	3	37	4	4	15	37	2	2	2	2	2	2	2	19	2	2	2	2	77	77	2	12	47	77	2	2	4	4	2	2	4	16	4	21	46	77	2	2	4	4	46	46	2	46	2	15	77	77	46	77	2	77	2	2	2	2	15	15	15	15	15	15	16	16	3	3	3	3	4	16	4	4	2	15	2	2	2	2	15	46	15	15	6	6	6	6	56	56
3540	6	6	6	6	6	6	3	4	3	3	3	3	4	4	37	37	4	4	2	37	2	2	2	2	2	2	2	19	2	2	2	2	77	77	2	12	43	77	2	2	2	4	2	2	4	16	4	21	46	77	2	2	4	4	46	46	8	46	2	2	12	43	2	12	15	77	2	2	2	2	2	2	2	2	2	2	37	37	3	3	3	3	15	37	15	15	15	15	2	15	2	15	2	2	8	8	6	6	6	6	49	49
3560	6	6	6	6	6	6	16	4	3	3	3	3	4	4	4	37	4	4	15	37	2	2	2	2	2	2	2	19	2	2	2	2	43	77	3	12	2	77	2	2	4	4	2	2	4	16	4	21	77	77	2	2	4	4	77	77	60	77	2	15	2	2	2	2	19	43	2	2	2	2	15	15	15	15	15	15	4	4	3	3	16	16	4	16	4	4	2	15	2	2	2	19	2	2	24	60	6	6	6	6	24	24
3580	6	6	6	6	6	6	3	4	3	3	3	3	4	4	37	37	4	4	15	37	2	2	2	2	2	2	2	19	2	2	2	2	2	77	2	12	19	77	2	2	4	4	2	2	16	16	4	21	77	77	2	2	3	16	19	77	19	19	2	15	2	19	2	2	2	2	2	2	2	2	2	15	2	2	2	2	37	37	3	3	3	3	37	37	37	37	12	37	2	12	2	2	2	2	19	19	6	6	6	6	60	60
3600	6	6	6	6	6	6	3	4	3	3	3	3	4	4	37	37	4	4	12	37	2	2	2	2	2	2	19	19	2	2	2	2	2	77	53	12	2	77	2	2	2	4	2	2	4	16	4	21	46	77	2	2	4	4	46	46	3	46	2	2	2	2	2	2	80	53	2	2	2	19	12	12	12	12	2	12	37	37	3	3	3	3	37	37	37	37	12	37	2	12	80	80	80	80	80	80	6	6	6	6	80	80
3620	6	6	6	6	6	6	4	4	3	3	3	3	4	4	31	37	4	4	37	37	2	2	2	2	2	2	2	19	2	2	2	2	15	77	2	12	2	77	2	2	4	4	2	2	4	16	4	21	37	77	2	2	4	4	37	37	2	37	15	15	2	2	2	15	2	15	2	2	2	2	2	37	2	2	2	2	67	67	3	3	3	16	67	67	67	67	9	67	2	9	2	2	2	2	19	2	6	6	6	6	60	60
3640	6	6	6	6	6	6	3	4	3	3	3	3	4	4	37	37	4	4	15	37	2	2	2	2	2	2	2	19	2	2	2	2	2	77	12	12	2	77	2	2	4	4	2	2	16	16	4	21	77	77	2	2	3	16	77	77	19	77	15	15	2	2	15	15	2	12	2	2	2	2	15	15	15	15	2	15	37	37	3	3	3	3	15	37	15	15	2	15	2	2	2	2	2	15	19	19	6	6	6	6	60	60
3660	6	6	6	6	6	6	3	4	3	3	3	3	4	4	37	37	3	4	46	37	2	2	2	2	2	2	2	19	2	2	2	2	2	77	2	12	33	77	2	2	4	4	21	2	16	16	4	21	37	77	2	2	3	16	12	37	2	12	4	21	15	33	15	15	2	2	2	2	2	2	46	46	46	46	2	46	37	37	3	3	3	3	37	37	37	37	2	37	2	2	2	2	15	15	15	15	6	6	6	6	56	56
3680	6	6	6	6	6	6	3	4	3	3	3	3	4	4	37	37	4	4	2	37	2	2	2	2	2	2	2	19	2	2	2	2	12	77	2	12	2	77	2	2	2	4	2	2	4	16	4	21	77	77	2	2	4	4	12	77	15	12	2	2	2	2	2	2	2	12	2	2	2	2	2	2	2	2	2	2	37	37	3	3	3	3	37	37	37	37	2	37	2	2	2	2	2	2	56	15	6	6	6	6	56	56
3700	6	6	6	6	6	6	4	4	3	3	16	3	4	4	4	37	4	4	2	37	2	2	2	2	2	2	2	19	2	2	2	2	15	77	2	12	2	77	2	2	2	4	2	2	16	16	4	21	37	77	2	2	3	16	37	37	12	37	2	2	2	2	2	2	2	15	2	2	2	2	2	2	2	2	2	2	4	4	16	16	16	16	77	16	77	77	37	77	15	37	2	15	2	2	12	12	6	6	6	6	53	53
3720	6	6	6	6	6	6	3	4	3	3	3	3	4	4	12	37	21	4	2	37	2	2	2	2	2	2	2	19	2	2	2	2	16	77	3	12	2	77	2	2	4	4	2	2	16	16	4	21	47	77	2	2	4	16	47	47	2	77	2	15	2	2	2	2	3	16	2	2	2	2	2	2	2	2	2	2	37	37	3	3	3	3	12	37	77	77	37	77	37	37	15	37	15	15	4	15	6	6	6	6	26	26
3740	6	6	6	6	6	6	3	4	3	3	3	3	21	4	12	37	4	4	2	37	2	2	2	2	2	2	2	19	2	2	2	2	37	77	2	12	2	77	2	2	4	4	2	2	16	16	4	21	43	77	2	2	3	16	43	43	2	43	2	15	2	2	2	2	2	37	2	2	2	2	2	2	2	2	2	2	77	77	3	3	3	3	77	77	77	77	77	77	77	77	77	77	37	77	87	37	6	6	6	6	87	87
3760	6	6	6	6	6	6	3	4	3	3	3	3	4	4	37	37	4	4	15	37	2	2	2	2	2	2	2	19	2	2	19	2	37	77	2	12	2	77	2	2	4	4	2	2	3	16	4	21	2	77	2	2	16	16	2	37	2	2	2	15	2	2	2	2	2	37	2	2	2	2	2	15	2	2	2	2	12	37	3	3	3	3	12	12	37	37	2	37	19	19	19	19	19	19	5	19	6	6	27	6	27	27
3780	6	6	6	6	6	6	3	4	3	3	3	3	4	4	37	37	4	4	2	37	2	2	2	2	2	2	2	19	2	2	2	2	15	77	2	12	2	77	2	2	4	4	46	2	4	16	4	21	37	77	2	2	4	4	2	37	2	2	15	46	2	2	15	15	2	15	2	2	2	2	2	2	2	2	2	2	37	37	3	3	3	3	37	37	37	37	2	37	2	2	2	2	2	15	2	2	6	6	6	6	24	24
3800	6	6	6	6	6	6	4	4	16	3	3	3	4	4	4	37	4	4	2	37	2	2	2	2	2	2	2	19	2	2	2	2	2	77	2	12	15	77	2	2	15	4	2	2	4	16	4	21	77	77	2	2	4	4	15	77	2	15	15	15	4	15	2	15	2	2	2	2	2	2	2	2	2	2	2	2	4	4	16	16	16	16	16	16	37	16	2	37	2	2	2	2	2	2	2	2	6	6	6	6	24	24
3820	6	6	6	6	27	6	3	4	3	3	3	3	4	4	37	37	4	4	2	37	2	2	2	2	2	2	19	19	2	2	2	2	12	77	3	12	2	77	2	2	2	4	2	2	16	16	4	21	77	77	2	2	3	16	77	77	19	77	2	2	2	2	2	2	2	12	2	2	19	19	2	2	19	19	2	19	37	37	3	3	3	3	37	37	37	37	15	37	2	15	2	2	2	2	5	19	6	6	27	27	27	27
3840	6	6	6	6	6	6	4	4	3	3	3	3	4	4	37	37	4	4	2	37	2	2	2	2	2	2	2	19	2	2	2	2	43	77	2	12	19	77	2	2	4	4	15	2	16	16	4	21	77	77	2	2	3	16	77	77	46	77	2	15	2	19	2	2	2	43	2	2	2	2	2	2	2	2	2	2	37	37	3	3	3	16	37	37	37	37	2	37	2	2	2	2	2	2	46	46	6	6	6	6	96	96
3860	6	6	6	6	6	6	4	4	3	3	3	3	4	4	77	37	4	4	37	37	2	2	2	2	2	2	2	19	2	2	2	2	2	77	12	12	2	77	2	2	4	4	2	2	4	16	4	21	77	77	2	2	4	4	37	77	2	37	2	15	12	2	2	12	2	12	2	2	2	2	12	37	2	12	2	2	77	77	3	3	3	16	77	77	77	77	37	77	37	37	37	37	12	37	2	12	6	6	6	6	24	24
3880	6	6	6	6	6	6	4	4	3	3	3	3	4	4	37	37	4	4	2	37	2	2	2	2	2	2	2	19	2	2	2	2	2	77	2	12	19	77	2	2	4	4	2	2	16	16	4	21	12	77	2	2	3	16	12	12	2	12	2	15	19	19	2	19	2	2	2	2	2	2	2	2	2	2	2	2	37	37	3	3	3	16	37	37	37	37	2	37	2	2	2	2	2	2	2	2	6	6	6	6	24	24
3900	6	6	6	6	6	6	4	4	3	3	3	3	4	4	15	37	4	4	2	37	2	2	2	2	2	2	2	19	2	2	2	2	46	77	3	12	43	77	2	2	4	4	2	2	4	16	4	21	46	77	2	2	4	4	46	46	4	46	2	15	12	43	12	12	4	77	2	2	2	2	2	2	2	2	2	2	15	15	3	3	4	16	15	15	15	15	15	15	15	15	4	15	37	37	16	37	6	6	6	6	57	57
3920	6	6	6	6	6	6	4	4	3	3	3	3	4	4	37	37	4	4	37	37	2	2	2	2	2	2	2	19	2	2	2	2	37	77	2	12	2	77	2	2	15	4	2	2	16	16	4	21	77	77	2	2	4	16	37	77	4	37	2	15	2	2	2	2	15	37	2	2	2	2	2	37	2	2	2	2	37	37	3	3	3	16	37	37	37	37	2	37	2	2	15	15	15	15	15	15	6	6	6	6	56	56
3940	6	6	6	6	6	6	4	4	3	3	3	3	4	4	4	37	4	4	15	37	2	2	2	2	2	2	2	19	2	2	2	2	12	77	2	12	37	77	2	2	4	4	2	2	4	16	4	21	21	77	2	2	4	4	5	21	2	19	4	15	37	37	37	37	2	12	2	2	2	2	2	15	2	2	2	2	4	4	3	3	16	16	4	16	4	4	2	15	2	2	2	2	37	37	37	37	6	6	6	6	87	87
3960	6	6	6	6	6	6	4	4	3	3	3	3	4	4	2	37	4	4	15	37	2	2	2	2	2	2	2	19	2	2	2	2	37	77	3	12	43	77	2	2	4	4	2	2	4	16	4	21	77	77	2	2	4	4	2	77	2	2	2	15	19	43	19	19	2	37	2	2	2	2	2	15	2	2	2	2	15	15	3	3	4	16	15	15	15	15	2	15	2	2	2	2	19	19	2	19	6	6	6	6	24	24
3980	6	6	6	6	6	6	4	4	3	3	3	3	4	4	15	37	4	4	2	37	2	2	2	2	2	2	2	19	2	2	2	2	77	77	3	12	2	77	2	2	4	4	2	2	4	16	4	21	46	77	2	2	4	4	15	46	2	15	2	15	2	2	2	2	19	77	2	2	2	2	2	2	2	2	2	2	15	15	3	3	4	16	15	15	15	15	2	15	2	2	19	19	19	19	19	19	6	6	6	6	60	60
4000	6	6	6	6	6	6	3	4	3	3	3	3	4	4	37	37	4	4	2	37	2	2	2	2	2	2	2	19	2	2	2	2	77	77	3	12	2	77	2	2	4	4	2	2	4	16	4	21	77	77	2	2	4	4	77	77	2	77	15	15	2	2	2	15	77	77	2	2	2	2	2	2	2	2	2	2	37	37	3	3	3	3	37	37	37	37	15	37	2	15	43	77	43	43	2	43	6	6	6	6	24	24
4020	6	6	6	6	6	6	3	4	3	3	3	3	4	4	37	37	4	4	2	37	2	2	2	2	2	2	2	19	2	2	2	2	46	77	2	12	2	77	2	2	4	4	2	2	4	16	4	21	77	77	2	2	4	4	77	77	46	77	2	15	2	2	2	2	2	46	2	2	2	2	2	2	2	2	2	2	37	37	3	3	3	3	37	37	37	37	2	37	2	2	2	2	2	2	15	46	6	6	6	6	56	56
4040	6	6	6	6	6	6	4	4	3	3	3	3	4	4	15	37	4	4	2	37	2	2	2	2	2	2	2	19	2	2	2	2	37	77	2	12	2	77	2	2	4	4	2	2	16	16	4	21	46	77	2	2	4	16	46	46	2	46	2	15	2	2	2	2	37	37	2	2	2	2	2	2	2	2	2	2	15	15	3	3	4	16	15	15	15	15	2	15	2	2	37	37	37	37	37	37	6	6	6	6	87	87
4060	6	6	6	6	6	6	3	4	3	3	3	3	4	4	37	37	4	4	2	37	2	2	2	2	2	2	2	19	2	2	2	2	2	77	12	12	12	77	2	2	4	4	2	2	16	16	4	21	77	77	2	2	3	16	77	77	2	77	2	15	2	12	2	2	2	12	2	2	2	2	2	2	2	2	2	2	37	37	3	3	3	3	37	37	37	37	2	37	2	2	2	2	2	2	2	2	6	6	6	6	24	24
4080	6	6	6	6	6	6	4	4	3	3	3	3	4	4	4	37	4	4	2	37	2	2	2	2	2	2	2	19	2	2	2	2	46	77	2	12	2	77	2	2	4	4	2	2	4	16	4	21	77	77	2	2	4	4	19	77	19	19	2	15	2	2	2	2	46	46	2	2	2	2	2	2	2	2	2	2	4	4	3	3	16	16	16	16	16	16	2	37	2	2	15	46	2	15	2	19	6	6	6	6	24	24
4100	6	6	6	6	6	6	4	4	3	3	3	3	4	4	4	37	4	4	15	37	2	2	2	2	2	2	2	19	2	2	2	2	3	77	12	12	2	77	2	2	4	4	2	2	4	16	4	21	20	77	2	2	4	4	47	47	37	77	2	15	2	2	2	2	12	12	2	2	2	2	15	15	15	15	2	15	4	4	3	3	16	16	16	16	16	16	15	37	2	15	12	12	3	12	37	37	6	6	6	6	87	87
4120	6	6	6	6	6	6	4	4	3	3	3	3	4	4	37	37	4	4	2	37	2	2	2	2	2	2	2	19	2	2	2	2	12	77	3	12	2	77	2	2	4	4	2	2	4	16	4	21	46	77	2	2	4	4	46	46	15	46	2	15	2	2	2	2	2	12	2	2	2	2	2	2	2	2	2	2	37	37	3	3	3	16	37	37	37	37	2	37	2	2	2	2	2	2	15	15	6	6	6	6	56	56
4140	6	6	6	6	6	6	4	4	3	3	3	3	4	4	37	37	4	4	2	37	2	2	2	2	2	2	2	19	2	2	2	2	12	77	3	12	37	77	2	2	2	4	2	2	4	16	4	21	77	77	2	2	4	4	77	77	77	77	2	2	2	37	2	2	2	12	2	2	2	2	2	2	2	2	2	2	37	37	3	3	3	16	15	37	15	15	2	15	2	2	2	2	2	2	47	77	6	6	6	6	97	97
4160	6	6	6	6	6	6	4	4	3	3	3	3	4	4	16	37	4	4	37	37	2	2	2	2	2	2	2	19	2	2	2	2	2	77	12	12	3	77	2	2	2	4	2	2	4	16	4	21	37	77	2	2	4	4	2	37	2	2	2	2	2	12	2	2	2	12	2	2	2	2	37	37	37	37	37	37	3	16	3	3	16	16	4	16	4	4	2	37	2	2	2	2	2	2	2	2	6	6	6	6	24	24
4180	6	6	6	6	6	6	3	4	3	3	3	3	4	4	37	37	4	4	12	37	2	2	2	2	2	2	19	19	2	2	2	2	19	77	2	12	2	77	2	2	2	4	2	2	4	16	4	21	77	77	2	2	4	4	12	77	12	12	2	2	2	2	2	2	2	19	2	2	19	19	2	12	2	19	2	2	37	37	3	3	3	3	37	37	37	37	2	37	2	2	2	2	2	2	12	12	6	6	6	6	53	53
4200	6	6	6	6	6	6	3	4	3	3	3	3	4	4	37	37	4	4	2	37	2	2	2	2	2	2	19	19	2	2	2	2	2	77	2	12	12	77	2	2	4	4	2	2	4	16	4	21	37	77	2	2	4	4	12	37	2	12	15	15	2	12	15	15	2	2	2	2	19	19	2	2	19	19	2	19	37	37	3	3	3	3	37	37	37	37	2	37	2	2	2	2	2	15	2	2	6	6	6	6	24	24
4220	6	6	6	6	6	6	4	4	3	3	3	3	4	4	4	37	4	4	2	37	2	2	2	2	2	2	2	19	2	2	2	2	43	77	2	12	2	77	2	2	4	4	2	2	16	16	4	21	77	77	2	2	3	16	37	77	2	37	2	15	2	2	2	2	2	43	2	2	2	2	2	2	2	2	2	2	4	4	3	3	16	16	16	16	16	16	37	37	37	37	37	37	37	37	37	37	6	6	6	6	87	87
4240	6	6	6	6	6	6	4	4	16	3	3	3	4	4	37	37	4	4	2	37	2	2	2	2	2	2	2	19	2	2	2	2	43	77	3	12	2	77	2	2	2	4	2	2	4	16	4	21	37	77	2	2	4	4	12	37	2	12	2	2	2	2	2	2	43	43	2	2	2	2	2	2	2	2	2	2	37	37	4	16	4	4	15	37	15	15	2	15	2	2	12	43	12	12	12	12	6	6	6	6	53	53
4260	6	6	6	6	6	6	3	4	3	3	3	3	4	4	37	37	4	4	37	37	2	2	2	2	2	2	2	19	2	2	2	2	77	77	2	12	2	77	2	2	4	4	2	2	16	16	4	21	77	77	2	2	3	16	2	77	2	2	2	15	2	2	2	2	2	77	2	2	2	2	37	37	37	37	37	37	37	37	3	3	3	3	16	37	4	16	12	37	2	12	2	2	2	2	2	2	6	6	6	6	24	24
4280	6	6	6	6	6	6	3	4	3	3	3	3	4	4	37	37	4	4	2	37	2	2	2	2	2	2	2	19	2	2	2	2	77	77	2	12	2	77	2	2	2	4	2	2	16	16	4	21	77	77	2	2	3	16	77	77	12	77	2	2	2	2	2	2	3	77	2	2	2	2	2	2	2	2	2	2	37	37	3	3	3	3	37	37	37	37	37	37	37	37	15	37	2	15	12	12	6	6	6	6	53	53
4300	6	6	6	6	6	6	4	4	3	3	3	3	4	4	4	37	4	4	2	37	2	2	2	2	2	2	19	19	2	2	2	2	47	77	3	12	77	77	2	2	4	4	2	2	16	16	4	21	15	77	15	2	4	16	4	15	15	15	4	15	46	77	15	46	3	47	2	2	19	19	2	2	19	19	19	19	4	4	3	3	16	16	16	16	16	16	43	77	12	43	2	12	2	15	15	15	6	6	27	6	96	96
4320	6	6	6	6	6	6	4	4	3	3	3	3	4	4	4	37	4	4	37	37	2	2	2	2	2	2	2	19	2	2	2	2	5	77	3	12	12	77	2	2	3	4	3	2	4	16	21	21	46	77	2	2	5	21	46	46	2	46	3	3	3	12	3	3	3	20	2	2	2	2	37	37	67	37	67	67	4	4	3	3	16	16	4	16	4	4	36	67	67	67	67	67	67	67	11	67	6	6	6	6	52	52
4340	6	6	6	6	6	6	4	4	3	3	3	3	4	4	4	37	4	4	37	37	2	2	2	2	2	2	2	19	2	2	2	2	15	77	2	12	77	77	2	2	4	4	2	2	4	16	4	21	77	77	2	2	4	4	77	77	2	77	2	15	43	77	12	43	2	15	2	2	2	2	2	37	2	2	2	2	4	4	3	3	16	16	16	16	16	16	2	37	2	2	2	2	12	12	12	12	6	6	6	6	53	53
4360	6	6	6	6	6	6	4	4	3	3	3	3	4	4	4	37	4	4	15	37	2	2	2	2	2	2	2	19	2	2	2	2	19	77	2	12	4	77	2	2	4	4	2	2	16	16	4	21	77	77	2	2	4	16	37	77	2	37	4	15	15	15	15	15	2	19	2	2	2	2	15	15	15	15	15	15	4	4	3	3	4	16	4	4	4	4	2	15	2	2	2	2	15	15	4	15	6	6	6	6	26	26
4380	6	6	6	6	6	6	4	4	3	3	3	3	4	4	4	37	4	4	15	37	2	2	2	2	2	2	2	19	2	2	2	2	47	77	3	12	2	77	2	2	4	4	2	2	4	16	4	21	4	77	2	2	4	4	4	4	2	15	15	15	2	2	4	15	47	47	2	2	2	2	15	15	15	15	15	15	4	4	3	3	16	16	4	16	4	4	15	15	2	15	77	77	77	77	46	77	6	6	6	6	96	96
4400	6	6	6	6	6	6	4	4	3	3	3	3	4	4	37	37	4	4	12	37	2	2	2	2	2	2	2	19	2	2	2	2	46	77	2	12	15	77	2	2	4	4	2	2	4	16	4	21	77	77	2	2	4	4	37	77	37	37	2	15	15	15	2	15	2	46	2	2	2	2	2	12	2	2	2	2	37	37	3	3	3	16	37	37	37	37	2	37	2	2	2	2	2	2	37	37	6	6	6	6	87	87
4420	6	6	6	6	6	6	3	4	3	3	3	3	4	4	37	37	4	4	12	37	2	2	2	2	2	2	2	19	2	2	2	2	46	77	2	12	15	77	2	2	4	4	15	2	16	16	4	21	37	77	2	2	3	16	37	37	37	37	2	15	2	15	2	2	2	46	2	2	2	2	2	12	2	2	2	2	37	37	3	3	3	3	37	37	37	37	2	37	2	2	2	2	2	2	37	37	6	6	6	6	87	87
4440	6	6	6	6	6	6	3	4	3	3	3	3	4	4	37	37	4	4	2	37	2	2	2	2	2	2	2	19	2	2	2	2	2	77	2	12	15	77	2	2	2	4	2	2	4	16	4	21	37	77	2	2	4	4	12	37	12	12	2	2	2	15	2	2	2	2	2	2	2	2	2	2	2	2	2	2	37	37	3	3	3	3	37	37	37	37	2	37	2	2	2	2	2	2	10	12	6	6	6	6	51	51
4460	6	6	6	6	6	6	4	4	3	3	3	3	4	4	37	37	4	4	2	37	2	2	2	2	2	2	2	19	2	2	2	2	2	77	2	12	2	77	2	2	4	4	2	2	4	16	4	21	37	77	2	2	4	4	12	37	12	12	2	15	2	2	2	2	2	2	2	2	2	2	2	2	2	2	2	2	37	37	3	3	3	16	37	37	37	37	2	37	2	2	2	2	2	2	12	12	6	6	6	6	53	53
4480	6	6	6	6	6	6	4	4	3	3	3	3	4	4	16	37	4	4	2	37	2	2	2	2	2	2	2	19	2	2	2	2	2	77	2	12	2	77	2	2	4	4	2	2	4	16	21	21	77	77	2	2	5	21	43	77	12	43	2	15	2	2	2	2	2	2	2	2	2	2	2	2	2	2	2	2	3	16	3	3	16	16	16	16	16	16	2	37	2	2	2	2	2	2	12	12	6	6	6	6	53	53
4500	6	6	6	6	6	6	4	4	3	3	3	3	4	4	37	37	4	4	37	37	2	2	2	2	2	2	2	19	2	2	2	2	3	77	3	12	15	77	2	2	4	4	2	2	4	16	4	21	77	77	2	2	4	4	77	77	2	77	4	15	15	15	4	15	3	3	2	2	2	2	12	37	12	12	2	12	37	37	3	3	3	16	37	37	37	37	16	37	37	37	77	37	77	77	19	77	6	6	6	6	60	60
4520	6	6	6	6	6	6	4	4	3	3	3	3	4	4	37	37	4	4	2	37	2	2	2	2	2	2	2	19	2	2	2	2	46	77	2	12	2	77	2	2	4	4	2	2	16	16	4	21	77	77	2	2	3	16	77	77	43	77	15	15	2	2	15	15	2	46	2	2	2	2	2	2	2	2	2	2	37	37	3	3	3	16	37	37	37	37	15	37	2	15	2	2	2	15	43	43	6	6	6	6	93	93
4540	6	6	6	6	6	6	4	4	3	3	3	3	4	4	37	37	4	4	12	37	2	2	2	2	2	2	2	19	2	2	2	2	15	77	2	12	12	77	2	2	2	4	2	2	16	16	4	21	77	77	2	2	3	16	77	77	43	77	2	2	2	12	2	2	2	15	2	2	2	2	2	12	2	2	2	2	37	37	3	3	3	16	37	37	37	37	2	37	2	2	2	2	2	2	43	43	6	6	6	6	93	93
4560	6	6	6	6	6	6	4	4	3	3	3	3	4	4	4	37	4	4	12	37	2	2	2	2	2	2	2	19	2	2	2	2	37	77	2	12	77	77	2	2	15	4	2	2	4	16	21	21	77	77	2	2	5	21	12	77	2	12	4	15	46	77	77	46	4	37	2	2	2	2	2	12	2	2	2	2	4	4	3	3	16	16	16	16	16	16	37	37	4	37	4	4	77	77	96	77	6	6	6	6	96	96
4580	6	6	6	6	6	6	3	4	3	3	3	3	4	4	37	37	4	4	15	37	2	2	2	2	2	2	2	19	2	2	2	2	37	77	3	12	2	77	2	2	16	4	2	2	4	16	4	21	57	77	2	2	4	4	87	57	87	87	15	37	2	2	2	15	2	37	2	2	2	2	2	15	2	2	2	2	37	37	3	3	3	3	37	37	37	37	12	37	2	12	2	2	2	2	87	87	6	6	6	6	87	87
4600	6	6	6	6	6	6	4	4	3	3	3	3	4	4	2	37	4	4	16	37	2	2	2	2	2	2	2	19	2	2	2	2	21	77	2	12	4	77	2	2	4	4	2	2	16	16	4	21	77	77	2	2	4	16	16	77	2	37	2	15	2	15	2	2	15	46	2	2	2	2	2	37	2	2	2	2	15	15	3	3	4	16	15	15	15	15	2	15	2	2	15	15	15	15	15	15	6	6	6	6	56	56
4620	6	6	6	6	6	6	3	4	3	3	3	3	4	4	16	37	4	4	67	37	2	2	2	2	2	2	2	19	2	2	2	2	37	77	3	12	2	77	2	2	15	4	2	2	16	16	4	21	77	77	2	2	3	16	77	77	2	77	2	15	2	2	2	2	2	37	2	2	2	2	67	67	67	67	67	67	16	16	3	3	3	3	4	16	4	4	34	67	9	34	9	9	9	9	9	9	6	6	6	6	50	50
4640	6	6	6	6	6	6	3	4	3	3	3	3	4	4	16	37	4	4	2	37	2	2	2	2	2	2	2	19	2	2	2	2	20	77	3	12	47	77	2	2	16	4	2	2	4	16	4	21	21	77	2	2	4	4	4	21	4	15	4	37	77	77	77	77	3	20	2	2	2	2	2	2	2	2	2	2	16	16	3	3	3	3	16	16	16	16	12	37	3	12	3	3	77	77	47	77	6	6	6	6	97	97
4660	6	6	6	6	6	6	4	4	3	3	3	3	4	4	37	37	4	4	2	37	2	2	2	2	2	2	2	19	2	2	2	2	77	77	2	12	2	77	2	2	4	4	2	2	4	16	21	21	77	77	2	2	4	21	77	77	43	77	2	15	2	2	2	2	15	77	2	2	2	2	2	2	2	2	2	2	37	37	3	3	3	16	37	37	15	37	2	15	2	2	15	15	2	15	19	43	6	6	6	6	60	60
4680	6	6	6	6	6	6	4	4	3	3	11	3	4	4	4	37	4	4	2	37	2	2	2	2	2	2	2	19	2	2	2	2	12	77	2	12	2	77	2	2	4	4	2	2	16	16	4	21	46	77	2	2	4	16	46	46	2	46	2	15	2	2	2	2	3	12	2	2	2	2	2	2	2	2	2	2	4	4	11	11	36	36	36	36	36	36	67	67	67	67	67	67	31	67	31	31	6	6	6	6	81	81
4700	6	6	6	6	6	6	4	4	3	3	3	3	4	4	37	37	4	4	2	37	2	2	2	2	2	2	2	19	2	2	2	2	46	77	2	12	19	77	2	2	4	4	2	2	16	16	4	21	77	77	2	2	3	16	46	77	46	46	2	15	2	19	2	2	2	46	2	2	2	2	2	2	2	2	2	2	15	37	3	3	4	16	15	15	15	15	2	15	2	2	2	2	2	2	15	46	6	6	6	6	56	56
4720	6	6	6	6	6	6	3	4	3	3	3	3	4	4	37	37	4	4	12	37	2	2	2	2	2	2	2	19	2	2	2	2	77	77	2	12	15	77	2	2	2	4	2	2	16	16	4	21	43	77	2	2	3	16	19	43	2	19	2	2	2	15	2	2	37	77	2	2	2	2	2	12	2	2	2	2	37	37	3	3	3	3	37	37	37	37	12	37	2	12	37	37	37	37	37	37	6	6	6	6	87	87
4740	6	6	6	6	6	6	3	4	3	3	3	3	4	4	37	37	4	4	2	37	2	2	2	2	2	2	2	19	2	2	2	2	47	77	3	12	15	77	2	2	2	4	2	2	4	16	4	21	77	77	2	2	4	4	2	77	2	2	2	2	2	15	2	2	3	47	2	2	2	2	2	2	2	2	2	2	37	37	3	3	3	3	37	37	37	37	87	37	87	87	87	87	87	87	87	87	6	6	6	6	87	87
4760	6	6	6	6	6	6	3	4	3	3	3	3	4	4	37	37	4	4	2	37	2	2	2	2	2	2	2	19	2	2	2	2	2	77	12	12	37	77	2	2	4	4	2	2	16	16	4	21	77	77	2	2	3	16	46	77	46	46	2	15	37	37	2	37	2	12	2	2	2	2	2	2	2	2	2	2	37	37	3	3	3	3	37	37	37	37	2	37	2	2	2	2	2	2	2	46	6	6	6	6	24	24
4780	6	6	6	6	6	6	4	4	3	3	3	3	4	4	4	37	4	4	2	37	2	2	2	2	2	2	2	19	2	2	2	2	19	77	2	12	2	77	2	2	4	4	2	2	4	16	4	21	46	77	2	2	4	4	46	46	2	46	15	15	2	2	34	15	2	19	2	2	2	2	2	2	2	2	2	2	4	4	3	3	16	16	16	16	16	16	2	37	2	2	2	2	34	34	34	34	6	6	6	6	84	84
4800	6	6	6	6	6	6	4	4	3	3	3	3	4	4	4	37	4	4	2	37	2	2	2	2	2	2	19	19	2	2	2	2	77	77	3	12	43	77	2	2	4	4	2	2	4	16	4	21	77	77	2	2	4	4	46	77	2	46	2	15	43	43	43	43	2	77	2	2	19	19	2	2	19	19	19	19	4	4	3	3	16	16	16	16	16	16	12	77	2	12	2	2	43	43	12	43	6	6	6	6	53	53
4820	6	6	6	6	6	6	3	4	3	3	3	3	4	4	37	37	4	4	2	37	2	2	2	2	2	2	2	19	2	2	2	2	12	77	3	12	12	77	2	2	4	4	2	2	16	16	4	21	77	77	2	2	3	16	77	77	77	77	2	15	2	12	2	2	2	12	2	2	2	2	2	2	2	2	2	2	37	37	3	3	3	3	37	37	37	37	2	37	2	2	2	2	2	2	43	77	6	6	6	6	93	93
4840	6	6	6	6	6	6	16	4	3	3	3	3	4	4	37	37	4	4	2	37	2	2	2	2	2	2	2	19	2	2	2	2	2	77	2	12	12	77	2	2	2	4	2	2	16	16	4	21	12	77	2	2	3	16	2	12	2	2	2	2	2	12	2	2	2	2	2	2	2	2	2	2	2	2	2	2	37	37	3	3	3	16	37	37	37	37	12	37	2	12	2	2	2	2	2	2	6	6	6	6	24	24
4860	6	6	6	6	6	6	3	4	3	3	3	3	4	4	37	37	4	4	15	37	2	2	2	2	2	2	19	19	2	2	2	2	2	77	12	12	2	77	2	2	15	4	2	2	4	16	4	21	77	77	2	2	4	4	77	77	77	77	2	15	2	2	2	2	2	12	2	2	19	19	2	15	2	19	2	2	37	37	3	3	3	3	37	37	37	37	2	37	2	2	2	2	2	2	43	77	6	6	6	6	93	93
4880	6	6	6	6	6	6	16	4	3	3	3	3	4	4	15	37	4	4	12	37	2	2	2	2	2	2	2	19	2	2	2	2	77	77	3	12	12	77	2	2	4	4	2	2	4	16	4	21	46	77	2	2	4	4	46	46	15	46	2	15	2	12	2	2	2	77	2	2	2	2	2	12	2	2	2	2	15	15	3	3	4	16	15	15	15	15	2	15	2	2	2	2	2	2	15	15	6	6	6	6	56	56
4900	6	6	6	6	6	6	4	4	3	3	3	3	4	4	37	37	4	4	15	37	2	2	2	2	2	2	2	19	2	2	2	2	37	77	3	12	3	77	2	2	4	4	2	2	4	16	21	21	12	77	2	2	21	21	77	77	4	77	2	15	2	12	2	2	37	37	2	2	2	2	2	15	2	2	2	2	37	37	3	3	3	16	37	37	37	37	2	37	2	2	37	37	37	37	37	37	6	6	6	6	87	87
4920	6	6	6	6	6	6	4	4	3	3	16	3	4	4	15	37	4	4	37	37	2	2	2	2	2	2	2	19	2	2	2	2	2	77	2	12	2	77	2	2	2	4	2	2	4	16	4	21	77	77	2	2	4	4	30	77	30	30	2	2	2	2	2	2	2	2	2	2	2	2	37	37	37	37	37	37	4	15	4	16	4	4	4	4	4	4	2	37	2	2	2	2	2	2	80	30	6	6	6	6	80	80
4940	6	6	6	6	6	6	4	4	3	3	3	3	4	4	4	37	4	4	37	37	2	2	2	2	2	2	2	19	2	2	2	2	77	77	2	12	2	77	2	2	4	4	2	2	16	16	4	21	37	77	2	2	4	16	2	37	2	2	15	15	2	2	2	15	2	77	2	2	2	2	37	37	37	37	37	37	4	4	3	3	16	16	4	16	4	4	77	37	77	77	77	77	77	77	43	77	6	6	6	6	93	93
4960	6	6	6	6	6	6	4	4	3	3	3	3	4	4	16	37	4	4	37	37	2	2	2	2	2	2	2	19	2	2	2	2	37	77	3	12	3	77	2	2	4	4	2	2	4	16	4	21	43	77	2	2	4	4	2	77	2	2	2	15	2	12	2	2	2	37	2	2	2	2	37	37	37	37	37	37	4	16	3	3	4	16	4	4	4	4	2	37	2	2	2	2	2	2	2	2	6	6	6	6	24	24
4980	6	6	6	6	6	6	4	4	3	3	3	3	4	4	37	37	4	4	2	37	2	2	2	2	2	2	2	19	2	2	2	2	77	77	3	12	77	77	2	2	4	4	2	2	4	16	4	21	16	77	2	2	4	4	3	16	12	12	2	15	15	77	2	15	2	77	2	2	2	2	2	2	2	2	2	2	37	37	3	3	3	16	37	37	37	37	2	37	2	2	2	2	2	2	12	12	6	6	6	6	53	53
5000	6	6	6	6	6	6	4	4	3	3	3	3	4	4	4	37	4	4	37	37	2	2	2	2	2	2	2	19	2	2	2	2	19	77	3	12	19	77	2	2	4	4	2	2	4	16	4	21	77	77	2	2	4	4	12	77	2	12	2	15	2	19	2	2	43	43	2	2	2	2	37	37	37	37	37	37	4	4	3	3	16	16	16	16	3	16	2	37	2	2	43	43	43	43	43	43	6	6	6	6	93	93
