Iteration	start_1	end_1	start_2	end_2	start_3	end_3	start_4	end_4	start_5	end_5	start_6	end_6	start_7	end_7	start_8	end_8	start_9	end_9	start_10	end_10	start_11	end_11	start_12	end_12	start_13	end_13	start_14	end_14	start_15	end_15	start_16	end_16	start_17	end_17	start_18	end_18	start_19	end_19	start_20	end_20	start_21	end_21	start_22	end_22	start_23	end_23	start_24	end_24	start_25	end_25	start_26	end_26	start_27	end_27	start_28	end_28	start_29	end_29	start_30	end_30	start_31	end_31	start_32	end_32	start_33	end_33	start_34	end_34	start_35	end_35	start_36	end_36	start_37	end_37	start_38	end_38	start_39	end_39	start_40	end_40	start_41	end_41	start_42	end_42	start_43	end_43	start_44	end_44	start_45	end_45	start_46	end_46	start_47	end_47	start_48	end_48	start_49	end_49	start_50	end_50	start_51	end_51
0	6	6	6	6	6	6	4	4	3	3	3	3	4	4	4	37	4	4	37	37	2	2	2	2	2	2	2	19	2	2	2	2	3	77	2	12	2	77	2	2	2	4	2	2	4	16	4	21	37	77	2	2	4	4	2	37	2	2	2	2	2	2	24	2	2	12	2	2	2	2	37	37	37	37	37	37	4	4	3	3	16	16	4	16	4	4	2	37	2	2	2	2	24	24	6	24	6	6	6	6	6	6
20	6	6	6	6	6	6	3	4	3	3	3	3	4	4	37	37	4	4	2	37	2	2	2	2	2	2	2	19	2	2	2	2	37	77	2	12	2	77	2	2	15	4	2	2	4	16	4	21	15	77	2	2	4	4	2	15	2	2	2	15	2	2	2	2	2	37	2	2	2	2	2	2	2	2	2	2	37	37	3	3	3	3	37	37	37	37	2	37	2	2	2	2	2	2	6	2	6	6	6	6	6	6
40	6	6	6	6	6	6	4	4	3	3	3	3	4	4	4	37	4	4	15	37	2	2	2	2	2	2	2	19	2	2	2	2	3	77	12	12	2	77	2	2	4	4	2	2	4	16	21	21	37	77	2	2	4	21	2	37	24	2	2	15	2	2	2	2	2	12	2	2	2	2	15	15	15	15	15	15	4	4	3	3	16	16	4	16	4	4	2	15	2	2	2	2	2	2	6	24	6	6	6	6	6	6
60	6	6	6	6	6	6	4	4	3	3	16	3	4	4	4	37	4	4	87	37	2	2	2	2	2	2	2	19	2	2	2	2	2	77	2	12	2	77	2	2	2	4	2	2	4	16	4	21	15	77	24	2	4	4	2	15	6	24	2	2	2	2	2	2	2	2	2	2	2	2	87	87	87	87	37	87	4	4	4	16	4	4	4	4	4	4	2	37	2	2	2	2	2	2	6	24	6	6	6	6	6	6
80	6	6	6	6	6	6	3	4	3	3	3	3	4	4	37	37	4	4	2	37	2	2	2	2	2	2	2	19	2	2	2	2	37	77	2	12	2	77	2	2	4	4	15	2	4	16	4	21	15	77	2	2	4	4	2	15	2	2	24	15	2	2	24	24	2	37	2	2	2	2	2	2	2	2	2	2	37	37	3	3	3	3	37	37	37	37	2	37	2	2	2	2	24	24	6	24	6	6	6	6	6	6
100	6	6	6	6	6	6	3	4	3	3	3	3	4	4	37	37	4	4	2	37	2	2	2	2	2	2	2	19	2	2	2	2	12	77	2	12	2	77	2	2	2	4	2	2	4	16	21	21	15	77	2	2	4	21	2	15	2	2	2	2	2	2	2	2	2	12	2	2	2	2	2	2	2	2	2	2	37	37	3	3	3	3	37	37	37	37	24	37	24	24	24	24	24	24	6	24	6	6	6	6	6	6
120	6	6	6	6	6	6	4	4	3	3	3	3	4	4	37	37	4	4	2	37	2	2	2	2	2	2	2	19	2	2	2	2	12	77	2	12	2	77	2	2	6	4	2	2	4	16	4	21	37	77	2	2	4	4	2	37	2	2	24	24	2	2	24	24	2	12	2	2	2	2	2	2	2	2	2	2	37	37	3	3	3	16	37	37	37	37	2	37	2	2	2	2	24	24	6	24	6	6	6	6	6	6
140	6	6	6	6	6	6	4	4	3	3	3	3	4	4	37	37	4	4	2	37	2	2	2	2	2	2	2	19	2	2	2	2	12	77	2	12	2	77	2	2	4	4	2	2	4	16	4	21	15	77	2	2	4	4	2	15	2	2	24	15	2	2	24	24	2	12	2	2	2	2	2	2	2	2	2	2	37	37	3	3	3	16	37	37	37	37	2	37	2	2	2	2	24	24	6	24	6	6	6	6	6	6
160	6	6	6	6	6	6	4	4	3	3	3	3	4	4	37	37	4	4	2	37	2	2	2	2	2	2	2	19	2	2	2	2	12	77	3	12	12	77	2	2	4	4	2	2	16	16	4	21	53	77	2	2	3	16	53	53	24	53	2	15	2	12	2	2	2	12	2	2	2	2	2	2	2	2	2	2	37	37	3	3	4	16	37	37	37	37	2	37	2	2	2	2	2	2	6	24	6	6	6	6	6	6
180	6	6	6	6	6	6	4	4	3	3	3	3	4	4	37	37	4	4	2	37	2	2	2	2	2	2	2	19	2	2	2	2	2	77	2	12	12	77	2	2	4	4	15	2	4	16	4	21	37	77	2	2	4	4	2	37	2	2	2	15	2	12	2	2	24	2	2	2	2	2	2	2	2	2	2	2	37	37	16	3	3	16	37	37	37	37	2	37	2	2	24	24	24	24	6	24	6	6	6	6	6	6
200	6	6	6	6	6	6	3	4	3	3	3	3	4	4	87	37	4	4	2	37	2	2	2	2	2	2	2	19	2	2	2	2	2	77	2	12	2	77	2	2	2	4	2	2	16	16	4	21	3	77	2	2	16	16	2	16	2	2	2	2	2	2	2	2	2	2	2	2	2	2	2	2	2	2	2	2	87	87	3	3	3	3	87	87	87	87	53	87	24	53	24	24	24	24	6	24	6	6	6	6	6	6
220	6	6	6	6	6	6	3	4	3	3	3	3	4	4	37	37	4	4	37	37	2	2	2	2	2	2	2	19	2	2	2	2	2	77	2	12	2	77	2	2	2	4	2	2	16	16	4	21	37	77	2	2	3	16	12	37	2	12	2	2	24	2	24	24	2	2	2	2	2	2	2	37	2	2	2	2	37	37	3	3	3	3	37	37	37	37	2	37	2	2	2	2	24	24	6	24	6	6	6	6	6	6
240	6	6	6	6	6	6	4	4	3	3	16	3	4	4	4	37	4	4	12	37	2	2	2	2	2	2	2	19	2	2	2	2	15	77	2	12	2	77	2	2	4	4	2	2	4	16	4	21	15	77	2	2	4	4	2	15	24	2	2	15	2	2	2	2	2	15	2	2	2	2	12	12	12	12	12	12	4	4	16	16	16	16	16	16	3	16	2	12	2	2	2	2	2	2	6	24	6	6	6	6	6	6
260	6	6	6	6	6	6	3	4	3	3	3	3	4	4	37	37	4	4	37	37	2	2	2	2	2	2	2	19	2	2	2	2	2	77	2	12	2	77	2	2	2	4	2	2	4	16	4	21	15	77	2	2	4	4	2	15	24	2	2	2	2	2	2	2	2	2	2	2	2	2	12	37	12	12	2	12	37	37	3	3	3	3	37	37	12	37	2	12	2	2	2	2	2	2	6	24	6	6	6	6	6	6
280	6	6	6	6	6	6	3	4	3	3	3	3	4	4	37	37	4	4	2	37	2	2	2	2	2	2	2	19	2	2	2	2	15	77	2	12	2	77	2	2	2	4	2	2	16	16	4	21	37	77	2	2	3	16	12	37	2	12	2	2	2	2	24	2	2	15	2	2	2	2	2	2	2	2	2	2	37	37	3	3	3	3	37	37	37	37	2	37	2	2	2	2	24	24	6	24	6	6	6	6	6	6
300	6	6	6	6	6	6	3	4	3	3	3	3	4	4	37	37	4	4	2	37	2	2	2	2	2	2	2	19	2	2	2	2	15	77	2	12	2	77	2	2	4	4	2	2	16	16	4	21	37	77	49	2	4	16	2	37	24	49	2	15	2	2	2	2	2	15	2	2	2	2	2	2	2	2	2	2	37	37	3	3	3	3	37	37	37	37	2	37	2	2	2	2	2	2	6	24	6	6	6	6	6	6
320	6	6	6	6	6	6	4	4	3	3	16	3	4	4	37	37	4	4	2	37	2	2	2	2	2	2	2	19	2	2	2	2	2	77	2	12	2	77	2	2	4	4	15	2	4	16	4	21	15	77	24	2	4	4	2	15	6	24	2	15	2	2	2	2	24	2	2	2	2	2	2	2	2	2	2	2	37	37	4	16	4	4	37	37	37	37	2	37	2	2	24	24	6	24	6	6	6	6	6	6	6	6
340	6	6	6	6	6	6	3	4	3	3	3	3	4	4	37	37	4	4	37	37	2	2	2	2	2	2	2	19	2	2	2	2	2	77	2	12	2	77	2	2	4	4	56	2	4	16	4	21	37	77	2	2	4	4	15	37	2	15	24	56	2	2	24	24	2	2	2	2	2	2	15	37	2	15	2	2	37	37	3	3	3	3	37	37	37	37	2	37	2	2	2	2	24	24	6	24	6	6	6	6	6	6
360	6	6	6	6	6	6	3	4	3	3	3	3	4	4	37	37	4	4	37	37	2	2	2	2	2	2	2	19	2	2	2	2	2	77	2	12	2	77	2	2	2	4	2	2	4	16	4	21	15	77	2	2	4	4	2	15	2	2	2	2	2	2	2	2	2	2	2	2	2	2	2	37	2	2	2	2	37	37	3	3	3	3	37	37	37	37	2	37	2	2	2	2	2	2	6	2	6	6	6	6	6	6
380	6	6	6	6	6	6	16	4	3	3	3	3	4	4	37	37	4	4	2	37	2	2	2	2	2	2	2	19	2	2	2	2	2	77	2	12	2	77	2	2	2	4	2	2	4	16	4	21	15	77	2	2	4	4	56	15	24	56	2	2	2	2	2	2	2	2	2	2	2	2	2	2	2	2	2	2	37	37	3	3	3	16	37	37	37	37	2	37	2	2	2	2	2	2	6	24	6	6	6	6	6	6
400	6	6	6	6	6	6	3	4	3	3	3	3	4	4	37	37	4	4	2	37	2	2	2	2	2	2	2	19	2	2	2	2	2	77	2	12	2	77	2	2	4	4	2	2	4	16	4	21	37	77	2	2	4	4	2	37	2	2	2	15	2	2	24	2	2	2	2	2	2	2	2	2	2	2	2	2	37	37	3	3	3	3	37	37	37	37	12	37	2	12	2	2	24	24	6	24	6	6	6	6	6	6
420	6	6	6	6	6	6	16	4	3	3	3	3	4	4	37	37	4	4	2	37	2	2	2	2	2	2	2	19	2	2	2	2	2	77	2	12	2	77	2	2	2	4	2	2	16	16	4	21	37	77	12	2	3	16	2	37	2	12	2	2	2	2	2	2	2	2	2	2	2	2	2	2	2	2	2	2	37	37	3	3	3	16	37	37	12	37	2	12	2	2	2	2	2	2	6	2	6	6	6	6	6	6
440	6	6	6	6	6	6	16	4	3	3	3	3	4	4	4	37	4	4	2	37	2	2	2	2	2	2	2	19	2	2	2	2	2	77	12	12	3	77	12	2	2	4	2	2	16	16	4	21	12	77	2	2	3	16	2	12	2	2	2	2	2	12	2	2	2	12	2	2	2	2	12	2	2	12	15	2	4	4	3	3	16	16	4	16	4	4	2	15	2	2	2	2	24	2	6	24	6	6	6	6	6	6
460	6	6	6	6	6	6	4	4	3	3	16	3	4	4	4	37	4	4	56	37	2	2	2	2	2	2	2	19	2	2	2	2	3	77	12	12	2	77	2	2	2	4	2	2	4	16	4	21	15	77	2	2	4	4	2	15	24	2	2	2	2	2	2	2	2	12	2	2	2	2	56	56	56	56	56	56	4	4	16	16	4	16	4	4	4	4	2	56	2	2	2	2	2	2	6	24	6	6	6	6	6	6
480	6	6	6	6	6	6	3	4	3	3	3	3	4	4	37	37	4	4	37	37	2	2	2	2	2	2	2	19	2	2	2	2	15	77	2	12	12	77	2	2	2	4	2	2	4	16	4	21	37	77	24	2	4	4	2	37	24	24	2	2	2	12	2	2	2	15	2	2	2	2	15	37	2	15	2	2	37	37	3	3	3	3	37	37	37	37	2	37	2	2	2	2	2	2	6	24	6	6	6	6	6	6
500	6	6	6	6	6	6	3	4	3	3	3	3	4	4	37	37	4	4	2	37	2	2	2	2	2	2	2	19	2	2	2	2	2	77	2	12	2	77	2	2	2	4	2	2	4	16	4	21	15	77	2	2	4	4	2	15	2	2	2	2	2	2	2	2	2	2	2	2	2	2	2	2	2	2	2	2	37	37	3	3	3	3	37	37	37	37	2	37	2	2	2	2	24	2	6	24	6	6	6	6	6	6
520	6	6	6	6	6	6	16	4	3	3	3	3	4	4	37	37	4	4	2	37	2	2	2	2	2	2	2	19	2	2	2	2	2	77	2	12	53	77	2	2	2	4	2	2	16	16	4	21	37	77	2	2	3	16	12	37	2	12	2	2	24	53	24	24	2	2	2	2	2	2	2	2	2	2	2	2	37	37	3	3	3	16	37	37	37	37	2	37	2	2	2	2	24	24	6	24	6	6	6	6	6	6
540	6	6	6	6	6	6	3	4	3	3	3	3	4	4	37	37	4	4	2	37	2	2	2	2	2	2	2	19	2	2	2	2	2	77	2	12	2	77	2	2	2	4	2	2	4	16	4	21	37	77	2	2	4	4	2	37	24	2	2	2	2	2	2	2	2	2	2	2	2	2	2	2	2	2	2	2	37	37	3	3	3	3	37	37	37	37	2	37	2	2	2	2	2	2	6	24	6	6	6	6	6	6
560	6	6	6	6	6	6	3	4	3	3	3	3	4	4	37	37	4	4	37	37	2	2	2	2	2	2	2	19	2	2	2	2	2	77	2	12	2	77	2	2	4	4	15	2	47	16	5	21	77	77	2	2	5	47	2	77	2	2	2	15	2	2	2	2	2	2	2	2	2	2	37	37	37	37	12	37	16	37	3	3	3	3	16	16	3	16	12	12	12	12	2	12	24	2	6	24	6	6	6	6	6	6
580	6	6	6	6	6	6	3	4	3	3	3	3	4	4	37	37	4	4	2	37	2	2	2	2	2	2	2	19	2	2	2	2	2	77	2	12	2	77	2	2	24	4	2	2	4	16	21	21	37	77	2	2	4	21	2	37	2	2	24	24	2	2	24	24	2	2	2	2	2	2	2	2	2	2	2	2	37	37	3	3	3	3	37	37	37	37	2	37	2	2	2	2	24	24	6	24	6	6	6	6	6	6
600	6	6	6	6	6	6	4	4	3	3	3	3	4	4	37	37	4	4	2	37	2	2	2	2	2	2	2	19	2	2	24	2	2	77	2	12	2	77	2	2	4	4	15	2	4	16	4	21	37	77	2	2	4	4	12	37	2	12	2	15	2	2	2	2	2	2	2	2	2	2	2	2	2	2	2	2	37	37	3	3	3	16	37	37	37	37	2	37	24	24	24	24	24	24	6	24	6	6	6	6	6	6
620	6	6	6	6	6	6	4	4	3	3	3	3	4	4	37	37	4	4	2	37	2	2	2	2	2	2	2	19	2	2	2	2	2	77	53	12	2	77	2	2	2	4	2	2	4	16	21	21	37	77	2	2	4	21	12	37	2	12	2	2	2	2	2	2	53	53	2	2	2	2	2	2	2	2	2	2	37	37	3	3	3	16	37	37	37	37	2	37	2	2	24	53	24	24	6	24	6	6	6	6	6	6
640	6	6	6	6	6	6	4	4	3	3	3	3	4	4	37	37	4	4	12	37	2	2	2	2	2	2	2	19	2	2	2	2	53	77	3	12	2	77	2	2	2	4	2	2	16	16	4	21	37	77	2	2	4	16	37	37	2	37	2	2	2	2	2	2	24	53	2	2	2	2	2	12	2	2	2	2	37	37	3	3	3	16	37	37	37	37	2	37	2	2	24	24	24	24	6	24	6	6	6	6	6	6
660	6	6	6	6	6	6	3	4	3	3	3	3	4	4	37	37	4	4	2	37	2	2	2	2	2	2	2	19	2	2	2	2	2	77	2	12	2	77	2	2	2	4	2	2	4	16	4	21	37	77	2	2	4	4	2	37	24	2	2	2	2	2	2	2	2	2	2	2	2	2	2	2	2	2	2	2	37	37	3	3	3	3	37	37	37	37	2	37	2	2	2	2	2	2	6	24	6	6	6	6	6	6
680	6	6	6	6	6	6	4	4	3	3	3	3	4	4	37	37	4	4	2	37	2	2	2	2	2	2	2	19	2	2	2	2	37	77	2	12	2	77	2	2	4	4	2	2	16	16	4	21	37	77	2	2	3	16	2	37	2	2	2	15	2	2	2	2	2	37	2	2	2	2	2	2	2	2	2	2	37	37	3	3	3	16	37	37	37	37	12	37	2	12	2	2	2	2	6	2	6	6	6	6	6	6
700	6	6	6	6	6	6	3	4	3	3	3	3	4	4	37	37	4	4	15	37	2	2	2	2	2	2	2	19	2	2	2	2	2	77	2	12	2	77	2	2	2	4	2	2	16	16	4	21	12	77	2	2	3	16	2	12	24	2	2	2	2	2	2	2	2	2	2	2	2	2	2	15	2	2	2	2	37	37	3	3	3	3	37	37	2	37	2	2	2	2	2	2	2	2	6	24	6	6	6	6	6	6
720	6	6	6	6	6	6	16	4	3	3	3	3	4	4	4	37	4	4	2	37	2	2	2	2	2	2	2	19	2	2	2	2	37	77	2	12	12	77	2	2	3	4	2	2	4	16	4	21	37	77	2	2	4	4	37	37	2	37	2	12	2	12	2	2	2	37	2	2	2	2	2	2	2	2	2	2	4	4	3	3	37	16	37	37	12	37	12	12	12	12	2	12	2	2	6	2	6	6	6	6	6	6
740	6	6	6	6	6	6	4	4	3	3	16	3	4	4	37	37	4	4	15	37	2	2	2	2	2	2	2	19	2	2	2	2	87	77	3	12	2	77	2	2	6	4	6	2	4	16	4	21	37	77	2	2	4	4	37	37	2	37	6	6	2	2	24	24	2	87	2	2	2	2	15	15	15	15	15	15	4	37	4	16	4	4	4	4	4	4	2	15	2	2	2	2	24	24	6	24	6	6	6	6	6	6
760	6	6	6	6	6	6	4	4	3	3	3	3	4	4	15	37	4	4	2	37	2	2	2	2	2	2	2	19	2	2	2	2	2	77	2	12	12	77	2	2	4	4	15	2	4	16	4	21	37	77	2	2	4	4	2	37	24	2	2	15	12	12	2	12	2	2	2	2	2	2	2	2	2	2	2	2	15	15	3	3	4	16	15	15	15	15	2	15	2	2	2	2	2	2	6	24	6	6	6	6	6	6
780	6	6	6	6	6	6	4	4	3	3	3	3	4	4	2	37	4	4	12	37	2	2	2	2	2	2	2	19	2	2	2	2	2	77	2	12	2	77	2	2	2	4	2	2	16	16	4	21	37	77	2	2	3	16	2	37	2	2	2	2	2	2	2	2	2	2	2	2	2	2	3	12	3	12	12	12	15	15	3	3	4	16	15	15	2	15	2	12	2	2	2	2	24	2	6	24	6	6	6	6	6	6
800	6	6	6	6	6	6	4	4	3	3	3	3	4	4	37	37	4	4	15	37	2	2	2	2	2	2	2	19	2	2	2	2	53	77	2	12	2	77	2	2	2	4	2	2	16	16	4	21	37	77	2	2	3	16	37	37	2	37	2	2	2	2	2	2	24	53	2	2	2	2	2	15	2	2	2	2	37	37	3	3	3	16	15	37	15	15	2	15	2	2	24	24	24	24	6	24	6	6	6	6	6	6
820	6	6	6	6	6	6	3	4	3	3	3	3	4	4	87	37	4	4	37	37	2	2	2	2	2	2	2	19	2	2	2	2	37	77	2	12	2	77	2	2	2	4	2	2	4	16	4	21	34	77	2	2	4	4	34	34	2	34	2	2	2	2	2	2	2	37	2	2	2	2	12	37	2	12	2	2	87	87	3	3	3	3	87	87	87	87	24	87	24	24	24	24	24	24	6	24	6	6	6	6	6	6
840	6	6	6	6	6	6	4	4	3	3	3	3	4	4	4	37	4	4	37	37	2	2	24	2	2	2	2	19	2	2	2	2	2	77	2	12	2	77	2	2	4	4	2	2	4	16	4	21	15	77	2	2	4	4	2	15	2	2	2	15	2	2	2	2	24	2	2	24	2	2	37	37	15	37	15	15	4	4	4	3	4	4	4	4	4	4	2	15	2	2	24	24	24	24	6	24	6	6	6	6	6	6
860	6	6	6	6	6	6	16	4	3	3	3	3	4	4	37	37	4	4	2	37	2	2	2	2	2	2	2	19	2	2	2	2	2	77	2	12	2	77	2	2	2	4	2	2	4	16	21	21	37	77	2	2	4	21	2	37	2	2	2	2	2	2	2	2	24	2	2	2	2	2	2	2	2	2	2	2	37	37	3	3	3	16	37	37	37	37	2	37	2	2	24	24	24	24	6	24	6	6	6	6	6	6
880	6	6	6	6	6	6	3	4	3	3	3	3	4	4	37	37	4	4	37	37	2	2	2	2	2	2	2	19	2	2	2	2	2	77	2	12	9	77	2	2	2	4	2	2	4	16	4	21	26	77	6	2	4	4	6	26	6	6	2	2	2	9	2	2	2	2	2	2	2	2	2	37	2	2	2	2	37	37	3	3	3	3	37	37	37	37	2	37	2	2	2	2	2	2	6	24	6	6	6	6	6	6
900	6	6	6	6	6	6	4	4	16	3	3	3	4	4	37	37	4	4	15	37	2	2	2	2	2	2	2	19	2	2	2	2	12	77	3	12	2	77	2	2	4	4	15	2	16	16	4	21	12	77	2	2	3	16	12	12	2	12	2	15	2	2	2	2	2	12	2	2	2	2	2	15	2	2	2	2	37	37	16	16	3	16	37	37	37	37	53	37	24	53	24	24	24	24	6	24	6	6	6	6	6	6
920	6	6	6	6	6	6	3	4	3	3	3	3	4	4	37	37	4	4	2	37	2	2	2	2	2	2	2	19	2	2	2	2	12	77	2	12	2	77	2	2	4	4	2	2	4	16	4	21	15	77	2	2	4	4	2	15	24	2	2	15	2	2	2	2	2	12	2	2	2	2	2	2	2	2	2	2	37	37	3	3	3	3	37	37	37	37	2	37	2	2	2	2	2	2	6	24	6	6	6	6	6	6
940	6	6	6	6	6	6	3	4	3	3	3	3	4	4	37	37	4	4	2	37	2	2	2	2	2	2	2	19	2	2	2	2	2	77	12	12	2	77	2	2	4	4	15	2	4	16	4	21	15	77	2	2	4	4	2	15	2	2	2	15	2	2	24	2	2	12	2	2	2	2	2	2	2	2	2	2	37	37	3	3	3	3	37	37	37	37	2	37	2	2	2	2	24	24	6	24	6	6	6	6	6	6
960	6	6	6	6	6	6	4	4	3	3	16	3	4	4	37	37	4	4	12	37	2	2	2	2	2	2	2	19	2	2	2	2	2	77	2	12	2	77	2	2	2	4	2	2	16	16	4	21	77	77	2	2	3	16	2	77	2	2	2	2	2	2	2	2	2	2	2	2	2	2	2	12	2	2	2	2	37	37	16	16	4	16	37	37	37	37	12	37	2	12	24	2	24	24	6	24	6	6	6	6	6	6
980	6	6	6	6	6	6	16	4	3	3	3	3	4	4	37	37	4	4	2	37	2	2	2	2	2	2	2	19	2	2	2	2	2	77	12	12	2	77	2	2	2	4	2	2	4	16	4	21	37	77	2	2	4	4	12	37	2	12	2	2	2	2	24	2	2	12	2	2	2	2	2	2	2	2	2	2	37	37	3	3	3	16	37	37	37	37	2	37	2	2	2	2	24	24	6	24	6	6	6	6	6	6
1000	6	6	6	6	6	6	3	4	3	3	3	3	4	4	37	37	4	4	12	37	2	2	2	2	2	2	2	19	2	2	2	2	2	77	2	12	2	77	2	2	2	4	2	2	4	16	4	21	56	77	2	2	4	4	24	56	24	24	2	2	2	2	2	2	2	2	2	2	2	2	2	12	2	2	2	2	37	37	3	3	3	3	37	37	12	37	2	12	2	2	2	2	2	2	6	24	6	6	6	6	6	6
1020	6	6	6	6	6	6	3	4	3	3	3	3	4	4	37	37	4	4	2	37	2	2	2	2	2	2	2	19	2	2	2	2	37	77	3	12	2	77	2	2	2	4	2	2	4	16	4	21	15	77	2	2	4	4	2	15	2	2	2	2	2	2	24	2	2	37	2	2	2	2	2	2	2	2	2	2	37	37	3	3	3	3	37	37	37	37	2	37	2	2	2	2	24	24	6	24	6	6	6	6	6	6
1040	6	6	6	6	6	6	3	4	3	3	3	3	4	4	37	37	4	4	2	37	2	2	2	2	2	2	2	19	2	2	2	2	15	77	2	12	2	77	2	2	2	4	2	2	16	16	4	21	12	77	2	2	3	16	2	12	2	2	2	2	2	2	2	2	2	15	2	2	2	2	2	2	2	2	2	2	37	37	3	3	3	3	15	37	15	15	2	15	24	2	24	24	24	24	6	24	6	6	6	6	6	6
1060	6	6	6	6	6	6	3	4	3	3	3	3	4	4	37	37	4	4	12	37	2	2	2	2	2	2	2	19	2	2	2	2	2	77	2	12	2	77	2	2	2	4	2	2	4	16	4	21	37	77	2	2	4	4	12	37	2	12	2	2	2	2	2	2	2	2	2	2	2	2	2	12	2	2	2	2	37	37	3	3	3	3	37	37	37	37	2	37	2	2	2	2	24	2	6	24	6	6	6	6	6	6
1080	6	6	6	6	6	6	4	4	3	3	16	3	4	4	15	37	4	4	12	37	2	2	2	2	2	2	2	19	2	2	2	2	15	77	2	12	2	77	2	2	2	4	2	2	16	16	4	21	37	77	2	2	4	16	12	37	2	12	2	2	2	2	2	2	24	15	2	2	2	2	12	12	2	12	2	2	15	15	4	16	4	4	15	15	15	15	2	15	2	2	24	24	24	24	6	24	6	6	6	6	6	6
1100	6	6	6	6	6	6	3	4	3	3	3	3	4	4	37	37	4	4	12	37	2	2	2	2	2	2	2	19	2	2	2	2	3	77	12	12	2	77	2	2	4	4	15	2	4	16	4	21	56	77	2	2	4	4	24	56	6	24	2	15	2	2	2	2	2	12	2	2	2	2	12	12	12	12	3	12	37	37	3	3	3	3	37	37	37	37	2	37	2	2	2	2	2	2	6	24	6	6	6	6	6	6
1120	6	6	6	6	6	6	3	4	3	3	3	3	4	4	12	37	4	4	2	37	2	2	2	2	2	2	2	19	2	2	2	2	2	77	2	12	2	77	2	2	4	4	15	2	16	16	4	21	37	77	2	2	3	16	2	37	2	2	2	15	2	2	2	2	2	2	2	2	2	2	2	2	2	2	2	2	37	37	3	3	3	3	37	37	37	37	2	37	2	2	2	2	24	2	6	24	6	6	6	6	6	6
1140	6	6	6	6	6	6	3	4	3	3	3	3	4	4	87	37	4	4	2	37	2	2	2	2	2	2	2	19	2	2	2	2	2	77	24	12	2	77	2	2	12	4	2	2	4	16	4	21	15	77	2	2	4	4	2	15	2	2	2	12	2	2	2	2	2	24	2	2	2	2	2	2	2	2	2	2	87	87	3	3	3	3	37	87	37	37	2	37	2	2	2	2	2	2	6	2	6	6	6	6	6	6
1160	6	6	6	6	6	6	16	4	3	3	3	3	4	4	37	37	4	4	2	37	2	2	2	2	2	2	2	19	2	2	2	2	2	77	2	12	2	77	2	2	2	4	2	2	4	16	4	21	15	77	2	2	4	4	2	15	24	2	2	2	2	2	2	2	2	2	2	2	2	2	2	2	2	2	2	2	37	37	3	3	4	16	37	37	37	37	2	37	2	2	2	2	2	2	6	24	6	6	6	6	6	6
1180	6	6	6	6	6	6	3	4	3	3	3	3	4	4	37	37	4	4	2	37	2	2	2	2	2	2	2	19	2	2	2	2	2	77	12	12	2	77	2	2	15	4	2	2	4	16	4	21	15	77	2	2	4	4	2	15	2	2	2	15	2	2	2	2	2	12	2	2	2	2	2	2	2	2	2	2	37	37	3	3	3	3	37	37	37	37	2	37	2	2	2	2	2	2	6	2	6	6	6	6	6	6
1200	6	6	6	6	6	6	3	4	3	3	3	3	4	4	37	37	4	4	15	37	2	2	2	2	2	2	2	19	2	2	2	2	12	77	3	12	2	77	2	2	2	4	2	2	16	16	4	21	87	77	2	2	4	16	24	87	24	24	2	2	2	2	2	2	2	12	2	2	2	2	2	15	2	2	2	2	37	37	3	3	3	3	37	37	37	37	2	37	2	2	2	2	2	2	6	24	6	6	6	6	6	6
1220	6	6	6	6	6	6	4	4	16	3	3	3	4	4	37	37	4	4	2	37	2	2	2	2	2	2	2	19	2	2	2	2	2	77	2	12	2	77	2	2	2	4	2	2	4	16	4	21	15	77	2	2	4	4	2	15	2	2	2	2	2	2	24	2	2	2	2	2	2	2	2	2	2	2	2	2	15	37	4	16	4	4	15	15	15	15	2	15	2	2	2	2	24	24	6	24	6	6	6	6	6	6
1240	6	6	6	6	6	6	16	4	3	3	3	3	4	4	16	37	4	4	37	37	2	2	2	2	2	2	2	19	2	2	2	2	2	77	2	12	2	77	2	2	2	4	2	2	16	16	4	21	2	77	2	2	37	16	2	37	24	2	2	2	2	2	2	2	2	2	2	2	2	2	37	37	37	37	37	37	4	16	3	3	16	16	16	16	3	16	2	37	2	2	2	2	2	2	6	24	6	6	6	6	6	6
1260	6	6	6	6	6	6	3	4	3	3	3	3	4	4	37	37	4	4	24	37	2	2	2	2	2	2	2	19	2	2	2	2	2	77	2	12	2	77	2	2	2	4	2	2	4	16	4	21	37	77	2	2	4	4	2	37	24	2	2	2	2	2	2	2	2	2	2	2	2	2	2	24	2	2	2	2	37	37	3	3	3	3	37	37	37	37	12	37	2	12	2	2	2	2	6	24	6	6	6	6	6	6
1280	6	6	6	6	6	6	3	4	3	3	3	3	4	4	37	37	4	4	2	37	2	2	2	2	2	2	2	19	2	2	2	2	2	77	2	12	2	77	2	2	2	4	2	2	4	16	4	21	37	77	2	2	4	4	53	37	24	53	2	2	2	2	2	2	2	2	2	2	2	2	2	2	2	2	2	2	37	37	3	3	3	3	15	37	15	15	2	15	2	2	2	2	2	2	6	24	6	6	6	6	6	6
1300	6	6	6	6	6	6	3	4	3	3	3	3	4	4	37	37	4	4	2	37	2	2	2	2	2	2	2	19	2	2	2	2	37	77	2	12	2	77	2	2	15	4	2	2	3	16	16	21	37	77	2	2	3	16	12	37	24	12	2	15	2	2	2	2	2	37	2	2	2	2	2	2	2	2	2	2	37	37	3	3	3	3	37	37	37	37	12	37	2	12	2	2	2	2	6	24	6	6	6	6	6	6
1320	6	6	6	6	6	6	4	4	3	3	16	3	4	4	37	37	4	4	2	37	2	2	2	2	2	2	2	19	2	2	2	2	12	77	2	12	2	77	2	2	2	4	2	2	16	16	4	21	12	77	2	2	3	16	2	12	2	2	2	2	2	2	2	2	2	12	2	2	2	2	2	2	2	2	2	2	37	37	4	16	4	4	15	37	2	15	2	2	2	2	2	2	24	2	6	24	6	6	6	6	6	6
1340	6	6	6	6	6	6	3	4	3	3	3	3	4	4	37	37	4	4	2	37	2	2	2	2	2	2	2	19	2	2	2	2	2	77	2	12	2	77	2	2	2	4	2	2	16	16	4	21	12	77	2	2	3	16	2	12	2	2	2	2	2	2	2	2	2	2	2	2	2	2	2	2	2	2	2	2	37	37	3	3	3	3	37	37	37	37	2	37	2	2	2	2	2	2	6	2	6	6	6	6	6	6
1360	6	6	6	6	6	6	4	4	3	3	3	3	4	4	37	37	4	4	12	37	2	2	2	2	2	2	2	19	2	2	2	2	12	77	3	12	12	77	2	2	2	4	2	2	4	16	4	21	37	77	2	2	4	4	53	37	24	53	2	2	12	12	2	12	2	12	2	2	2	2	2	12	2	2	2	2	37	37	3	3	4	16	37	37	37	37	2	37	2	2	2	2	2	2	6	24	6	6	6	6	6	6
1380	6	6	6	6	6	6	3	4	3	3	3	3	4	4	37	37	4	4	2	37	2	2	2	2	2	2	2	19	2	2	2	2	2	77	2	12	2	77	2	2	4	4	15	2	4	16	4	21	15	77	2	2	4	4	15	15	24	15	2	15	2	2	2	2	2	2	2	2	2	2	2	2	2	2	2	2	37	37	3	3	3	3	37	37	37	37	2	37	2	2	2	2	2	2	6	24	6	6	6	6	6	6
1400	6	6	6	6	6	6	4	4	3	3	16	3	4	4	67	37	4	4	12	37	2	2	2	2	2	2	2	19	2	2	2	2	2	77	2	12	2	77	2	2	2	4	2	2	4	16	4	21	37	77	2	2	4	4	12	37	24	12	2	2	2	2	2	2	2	2	2	2	2	2	2	12	2	2	2	2	67	67	16	16	3	16	67	67	67	67	2	67	2	2	2	2	2	2	6	24	6	6	6	6	6	6
1420	6	6	6	6	6	6	3	4	3	3	3	3	4	4	37	37	4	4	2	37	2	2	2	2	2	2	2	19	2	2	2	2	56	77	2	12	2	77	2	2	4	4	15	2	16	16	4	21	37	77	24	2	3	16	2	37	24	24	2	15	2	2	2	2	2	56	2	2	2	2	2	2	2	2	2	2	37	37	3	3	3	3	15	37	15	15	2	15	2	2	2	2	2	2	6	24	6	6	6	6	6	6
1440	6	6	6	6	6	6	3	4	3	3	3	3	4	4	37	37	4	4	2	37	2	2	2	2	2	2	2	19	2	2	2	2	37	77	2	12	2	77	2	2	2	4	2	2	16	16	4	21	37	77	2	2	3	16	37	37	2	37	2	2	2	2	2	2	3	37	2	2	2	2	2	2	2	2	2	2	37	37	3	3	3	3	37	37	37	37	12	37	12	12	12	12	2	12	6	2	6	6	6	6	6	6
1460	6	6	6	6	6	6	4	4	3	3	3	3	4	4	37	37	4	4	2	37	2	2	2	2	2	2	2	19	2	2	2	2	2	77	15	12	2	77	2	2	4	4	2	2	4	16	4	21	37	77	2	2	4	4	12	37	2	12	2	15	2	2	2	2	2	15	2	2	2	2	2	2	2	2	2	2	2	37	3	3	16	16	37	37	37	37	2	37	2	2	24	2	24	24	6	24	6	6	6	6	6	6
1480	6	6	6	6	6	6	4	4	16	3	3	3	4	4	37	37	4	4	2	37	2	2	2	2	2	2	2	19	2	2	2	2	2	77	2	12	2	77	2	2	2	4	2	2	16	16	4	21	37	77	2	2	3	16	37	37	2	37	2	2	2	2	2	2	2	2	2	2	2	2	2	2	2	2	2	2	37	37	16	16	3	16	37	37	37	37	2	37	2	2	2	2	2	2	6	2	6	6	6	6	6	6
1500	6	6	6	6	6	6	16	4	3	3	3	3	4	4	37	37	4	4	2	37	2	2	2	2	2	2	2	19	2	2	2	2	12	77	2	12	2	77	2	2	2	4	2	2	3	16	47	21	37	77	2	2	3	47	2	37	24	2	2	2	2	2	2	2	2	12	2	2	2	2	2	2	2	2	2	2	37	37	3	3	3	16	37	37	37	37	2	37	2	2	2	2	2	2	6	24	6	6	6	6	6	6
1520	6	6	6	6	6	6	4	4	3	3	3	3	4	4	15	37	4	4	2	37	2	2	2	2	2	2	2	19	2	2	2	2	2	77	12	12	12	77	2	2	4	4	15	2	4	16	4	21	53	77	2	2	4	4	53	87	24	53	2	15	2	12	2	2	2	12	2	2	2	2	2	2	2	2	2	2	15	15	16	3	4	16	15	15	15	15	2	15	2	2	2	2	2	2	6	24	6	6	6	6	6	6
1540	6	6	6	6	6	6	4	4	3	3	16	3	4	4	37	37	4	4	2	37	2	2	2	2	2	2	2	19	2	2	2	2	2	77	2	12	2	77	2	2	2	4	2	2	4	16	4	21	37	77	2	2	4	4	2	37	24	2	2	2	2	2	2	2	2	2	2	2	2	2	2	2	2	2	2	2	37	37	4	16	4	4	37	37	12	37	2	12	2	2	2	2	2	2	6	24	6	6	6	6	6	6
1560	6	6	6	6	6	6	3	4	3	3	3	3	4	4	37	37	4	4	2	37	2	2	2	2	2	2	2	19	2	2	2	2	2	77	2	12	2	77	2	2	2	4	24	2	4	16	4	21	37	77	2	2	4	4	12	37	2	12	6	24	2	2	24	24	2	2	2	2	2	2	2	2	2	2	2	2	37	37	3	3	3	3	37	37	12	37	12	12	2	12	2	2	24	24	6	24	6	6	6	6	6	6
1580	6	6	6	6	6	6	3	4	3	3	3	3	4	4	37	37	4	4	12	37	2	2	2	2	2	2	2	19	2	2	2	2	12	77	2	12	2	77	2	2	2	4	2	2	4	16	4	21	37	77	2	2	4	4	2	37	2	2	2	2	2	2	2	2	2	12	2	2	2	2	12	12	2	12	2	2	37	37	3	3	3	3	37	37	37	37	2	37	2	2	2	2	2	2	6	2	6	6	6	6	6	6
1600	6	6	6	6	6	6	3	4	3	3	3	3	4	4	37	37	4	4	2	37	2	2	2	2	2	2	2	19	2	2	2	2	12	77	2	12	2	77	2	2	2	4	2	2	4	16	4	21	37	77	2	2	4	4	2	37	24	2	2	2	2	2	2	2	2	12	2	2	2	2	2	2	2	2	2	2	37	37	3	3	3	3	37	37	37	37	2	37	2	2	2	2	2	2	6	24	6	6	6	6	6	6
1620	6	6	6	6	6	6	3	4	3	3	3	3	4	4	37	37	4	4	12	37	2	2	2	2	2	2	2	19	2	2	2	2	2	77	12	12	2	77	2	2	4	4	2	2	4	16	4	21	37	77	2	2	4	4	2	37	24	2	2	15	2	2	2	2	2	12	2	2	2	2	12	12	2	12	2	2	37	37	3	3	3	3	37	37	37	37	2	37	2	2	2	2	2	2	6	24	6	6	6	6	6	6
1640	6	6	6	6	6	6	3	4	3	3	3	3	4	4	37	37	4	4	2	37	2	2	2	2	2	2	2	19	2	2	2	2	2	77	2	12	2	77	2	2	2	4	24	2	4	16	4	21	15	77	2	2	4	4	2	15	2	2	24	24	2	2	24	24	2	2	2	2	2	2	2	2	2	2	2	2	37	37	3	3	3	3	37	37	12	37	2	12	2	2	2	2	24	24	6	24	6	6	6	6	6	6
1660	6	6	6	6	6	6	3	4	3	3	3	3	4	4	12	37	4	4	2	37	2	2	2	2	2	2	2	19	2	2	2	2	2	77	2	12	2	77	2	2	2	4	2	2	16	16	4	21	12	77	2	2	3	16	24	12	6	24	2	2	2	2	2	2	2	2	2	2	2	2	2	2	2	2	2	2	37	37	3	3	3	3	37	37	37	37	2	37	2	2	2	2	2	2	6	24	6	6	6	6	6	6
1680	6	6	6	6	6	6	3	4	3	3	3	3	4	4	37	37	4	4	12	37	2	2	2	2	2	2	2	19	2	2	2	2	12	77	2	12	2	77	2	2	4	4	2	2	4	16	4	21	15	77	2	2	4	4	2	15	2	2	2	15	2	2	2	2	2	12	2	2	2	2	2	12	2	2	2	2	37	37	3	3	3	3	37	37	37	37	12	37	2	12	2	2	2	2	6	2	6	6	6	6	6	6
1700	6	6	6	6	6	6	3	4	3	3	3	3	4	4	37	37	4	4	15	37	2	2	2	2	2	2	2	19	2	2	2	2	2	77	2	12	2	77	2	2	6	4	6	2	4	16	4	21	37	77	2	2	4	4	12	37	2	12	6	6	2	2	24	24	2	2	2	2	2	2	2	15	2	2	2	2	37	37	3	3	3	3	15	37	15	15	2	15	2	2	2	2	24	24	6	24	6	6	6	6	6	6
1720	6	6	6	6	6	6	4	4	3	3	3	3	4	4	37	37	4	4	2	37	2	2	2	2	2	2	2	19	15	2	2	2	2	77	2	12	2	77	2	2	2	4	2	2	4	16	4	21	37	77	2	2	4	4	12	37	24	12	2	2	2	2	2	2	2	2	2	2	2	2	2	2	2	2	2	15	37	37	3	3	3	16	15	37	15	15	2	15	2	2	2	2	2	2	6	24	6	6	6	6	6	6
1740	6	6	6	6	6	6	4	4	16	3	3	3	4	4	4	37	4	4	37	37	2	2	2	2	2	2	2	19	2	2	2	2	2	77	2	12	2	77	2	2	2	4	2	2	4	16	4	21	37	77	2	2	4	4	2	37	24	2	2	2	2	2	2	2	2	2	2	2	2	2	37	37	37	37	37	37	4	4	16	16	16	16	4	16	4	4	2	37	2	2	2	2	2	2	6	24	6	6	6	6	6	6
1760	6	6	6	6	6	6	3	4	3	3	3	3	4	4	37	37	4	4	2	37	2	2	2	2	2	2	2	19	2	2	2	2	2	77	2	12	2	77	2	2	2	4	2	2	4	16	4	21	37	77	2	2	4	4	12	37	2	12	2	2	2	2	2	2	2	2	2	2	2	2	2	2	2	2	2	2	37	37	3	3	3	3	15	37	2	15	2	2	2	2	2	2	24	2	6	24	6	6	6	6	6	6
1780	6	6	6	6	6	6	3	4	3	3	3	3	4	4	37	37	4	4	2	37	2	2	2	2	2	2	2	19	2	2	2	2	2	77	12	12	2	77	2	2	6	4	2	2	4	16	4	21	15	77	2	2	4	4	2	15	2	2	24	24	2	2	24	24	2	12	2	2	2	2	2	2	2	2	2	2	37	37	3	3	3	3	37	37	37	37	2	37	2	2	2	2	24	24	6	24	6	6	6	6	6	6
1800	6	6	6	6	6	6	3	4	3	3	3	3	4	4	37	37	4	4	2	37	2	2	2	2	2	2	2	19	2	2	2	2	2	77	2	12	2	77	2	2	2	4	2	2	4	16	4	21	37	77	2	2	4	4	53	37	24	53	2	2	2	2	2	2	2	2	2	2	2	2	2	2	2	2	2	2	37	37	3	3	3	3	66	37	66	66	2	66	2	2	2	2	2	2	6	24	6	6	6	6	6	6
1820	6	6	6	6	6	6	4	4	16	3	3	3	4	4	37	37	4	4	12	37	2	2	2	2	2	2	2	19	2	2	2	2	2	77	12	12	2	77	2	2	2	4	2	2	16	16	4	21	12	77	2	2	3	16	12	12	2	12	24	2	2	2	24	24	2	12	2	2	2	2	2	12	2	2	2	2	37	37	4	16	4	4	37	37	37	37	2	37	2	2	2	2	24	24	6	24	6	6	6	6	6	6
1840	6	6	6	6	6	6	3	4	3	3	3	3	4	4	37	37	4	4	37	37	2	2	2	2	2	2	2	19	2	2	2	2	2	77	2	12	2	77	2	2	2	4	2	2	4	16	4	21	15	77	2	2	4	4	2	15	24	2	2	2	2	2	2	2	2	2	2	2	2	2	12	37	2	12	2	2	37	37	3	3	3	3	37	37	37	37	2	37	2	2	2	2	2	2	6	24	6	6	6	6	6	6
1860	6	6	6	6	6	6	3	4	3	3	3	3	4	4	37	37	4	4	2	37	2	2	2	2	2	2	2	19	2	2	2	2	2	77	2	12	2	77	2	2	4	4	56	2	4	16	4	21	15	77	2	2	4	4	2	15	2	2	24	56	2	2	24	24	2	2	2	2	2	2	2	2	2	2	2	2	37	37	3	3	3	3	37	37	37	37	2	37	2	2	2	2	24	24	6	24	6	6	6	6	6	6
1880	6	6	6	6	6	6	3	4	3	3	3	3	4	4	16	37	4	4	15	37	2	2	2	2	2	2	2	19	2	2	2	2	15	77	2	12	2	77	2	2	2	4	2	2	4	16	4	21	15	77	2	2	4	4	2	15	2	2	2	2	2	2	2	2	2	15	2	2	2	2	15	15	2	15	15	2	16	16	3	3	3	3	4	16	4	4	2	15	2	2	2	2	2	2	6	2	6	6	6	6	6	6
1900	6	6	6	6	6	6	3	4	3	3	3	3	4	4	37	37	4	4	15	37	2	2	2	2	2	2	2	19	2	2	2	2	37	77	2	12	2	77	2	2	4	4	2	2	16	16	4	21	37	77	2	2	4	16	2	37	2	2	2	15	2	2	2	2	2	37	2	2	2	2	2	15	2	2	2	2	37	37	3	3	3	3	37	37	37	37	2	37	2	2	2	2	2	2	6	2	6	6	6	6	6	6
1920	6	6	6	6	6	6	3	4	3	3	3	3	4	4	37	37	4	4	2	37	2	2	2	2	2	2	2	19	2	2	2	2	12	77	3	12	2	77	2	2	2	4	24	2	4	16	4	21	37	77	2	2	4	4	2	37	2	2	24	24	2	2	24	24	2	12	2	2	2	2	2	2	2	2	2	2	37	37	3	3	3	3	37	37	37	37	12	37	2	12	2	2	24	24	6	24	6	6	6	6	6	6
1940	6	6	6	6	6	6	3	4	3	3	3	3	4	4	37	37	4	4	2	37	2	2	2	2	2	2	2	19	2	2	2	2	12	77	3	12	2	77	2	2	4	4	2	2	4	16	4	21	37	77	2	2	4	4	12	37	50	12	2	15	2	2	2	2	2	12	2	2	2	2	2	2	2	2	2	2	37	37	3	3	3	3	37	37	37	37	2	37	2	2	2	2	2	2	6	50	6	6	6	6	6	6
1960	6	6	6	6	6	6	3	4	3	3	3	3	4	4	66	37	4	4	2	37	2	2	2	2	2	2	2	19	2	2	2	2	2	77	2	12	2	77	2	2	2	4	2	2	16	16	4	21	12	77	2	2	3	16	12	12	6	12	2	2	2	2	2	2	2	2	2	2	2	2	2	2	2	2	2	2	66	66	3	3	3	3	66	66	66	66	2	66	2	2	2	2	2	2	6	24	6	6	6	6	6	6
1980	6	6	6	6	6	6	3	4	3	3	3	3	4	4	37	37	4	4	12	37	2	2	2	2	2	2	2	19	2	2	2	2	2	77	2	12	2	77	2	2	2	4	2	2	4	16	4	21	15	77	24	2	4	4	2	15	24	24	2	2	2	2	2	2	2	2	2	2	2	2	12	12	12	12	2	12	37	37	3	3	3	3	37	37	2	37	2	2	2	2	2	2	2	2	6	24	6	6	6	6	6	6
2000	6	6	6	6	6	6	3	4	3	3	3	3	4	4	37	37	4	4	2	37	2	2	2	2	2	2	2	19	2	2	2	2	15	77	2	12	2	77	2	2	2	4	2	2	4	16	4	21	37	77	2	2	4	4	12	37	24	12	2	2	2	2	2	2	2	15	2	2	2	2	2	2	2	2	2	2	37	37	3	3	3	3	37	37	37	37	2	37	2	2	2	2	2	2	6	24	6	6	6	6	6	6
2020	6	6	6	6	6	6	4	4	3	3	3	3	4	4	15	37	4	4	2	37	2	2	2	2	2	2	2	19	2	2	2	2	37	77	2	12	2	77	2	2	4	4	2	2	4	16	4	21	37	77	2	2	4	4	2	37	24	2	2	15	2	2	2	2	2	37	2	2	2	2	2	2	2	2	2	2	2	15	3	3	16	16	37	37	37	37	12	37	2	12	2	2	2	2	6	24	6	6	6	6	6	6
2040	6	6	6	6	6	6	3	4	3	3	3	3	4	4	37	37	4	4	2	37	2	2	2	2	2	2	2	19	2	2	2	2	37	77	3	12	24	77	2	2	2	4	2	2	16	16	4	21	37	77	2	2	4	16	2	37	2	2	2	2	24	24	24	24	12	37	2	2	2	2	2	2	2	2	2	2	37	37	3	3	3	3	37	37	37	37	2	37	2	2	2	12	24	24	6	24	6	6	6	6	6	6
2060	6	6	6	6	6	6	4	4	3	3	3	3	4	4	37	37	4	4	2	37	2	2	2	2	2	2	2	19	2	2	2	2	12	77	2	12	2	77	2	2	15	4	2	2	4	16	4	21	15	77	2	2	4	4	2	15	24	2	2	15	2	2	2	2	2	12	2	2	2	2	2	2	2	2	2	2	37	37	3	3	3	16	37	37	37	37	12	37	12	12	2	12	2	2	6	24	6	6	6	6	6	6
2080	6	6	6	6	6	6	3	4	3	3	3	3	4	4	87	37	4	4	2	37	2	2	2	2	2	2	2	19	2	2	2	2	2	77	2	12	2	77	2	2	4	4	2	2	16	16	4	21	12	77	2	2	3	16	2	12	2	2	2	15	2	2	2	2	2	2	2	2	2	2	2	2	2	2	2	2	87	87	3	3	3	3	87	87	87	87	24	87	24	24	24	24	24	24	6	24	6	6	6	6	6	6
2100	6	6	6	6	6	6	3	4	3	3	3	3	4	4	87	37	4	4	15	37	2	2	2	2	2	2	2	19	2	2	2	2	2	77	2	12	2	77	2	2	4	4	15	2	4	16	4	21	37	77	2	2	4	4	2	37	2	2	2	15	2	2	2	2	2	2	2	2	2	2	2	15	2	2	2	2	87	87	3	3	3	3	87	87	53	87	6	53	24	24	24	24	24	24	6	24	6	6	6	6	6	6
2120	6	6	6	6	6	6	4	4	3	3	16	3	4	4	37	37	4	4	2	37	2	2	2	2	2	2	2	19	2	2	2	2	12	77	2	12	2	77	2	2	2	4	2	2	4	16	21	21	37	77	2	2	4	21	37	37	2	37	2	2	2	2	2	2	2	12	2	2	2	2	2	2	2	2	2	2	37	37	16	16	3	16	37	37	37	37	53	37	24	53	24	24	24	24	6	24	6	6	6	6	6	6
2140	6	6	6	6	6	6	3	4	3	3	3	3	4	4	37	37	4	4	12	37	2	2	2	2	2	2	2	19	2	2	2	2	3	77	12	12	2	77	2	2	2	4	2	2	4	16	4	21	37	77	2	2	4	4	2	37	24	2	2	2	2	2	2	2	2	12	2	2	2	2	2	12	2	2	2	2	37	37	3	3	3	3	37	37	37	37	2	37	2	2	2	2	2	2	6	24	6	6	6	6	6	6
2160	6	6	6	6	6	6	3	4	3	3	3	3	4	4	37	37	4	4	2	37	2	2	2	2	2	2	2	19	2	2	2	2	12	77	2	12	12	77	2	2	6	4	24	2	4	16	21	21	15	77	2	2	4	21	2	15	2	2	24	24	2	12	24	24	2	12	2	2	2	2	2	2	2	2	2	2	37	37	3	3	3	3	37	37	37	37	12	37	12	12	2	12	24	24	6	24	6	6	6	6	6	6
2180	6	6	6	6	6	6	3	4	3	3	3	3	4	4	37	37	4	4	37	37	2	2	2	2	2	2	2	19	2	2	2	2	37	77	2	12	2	77	2	2	6	4	24	2	4	16	4	21	15	77	2	2	4	4	2	15	2	2	24	24	2	2	24	24	2	37	2	2	2	2	2	37	2	2	2	2	37	37	3	3	3	3	37	37	37	37	2	37	2	2	2	2	24	24	6	24	6	6	6	6	6	6
2200	6	6	6	6	6	6	4	4	3	3	3	3	4	4	4	37	4	4	37	37	2	2	2	2	2	2	2	19	2	2	2	2	2	77	2	12	2	77	2	2	4	4	15	2	16	16	4	21	25	77	2	2	3	16	6	25	6	24	2	15	2	2	2	2	2	2	2	2	2	2	12	37	12	12	37	12	4	4	16	3	16	16	4	16	4	4	2	37	2	2	2	2	2	2	6	24	6	6	6	6	6	6
2220	6	6	6	6	6	6	16	4	3	3	3	3	4	4	15	37	4	4	15	37	2	2	2	2	2	2	2	19	2	2	2	2	2	77	53	12	2	77	2	2	2	4	2	2	4	16	4	21	37	77	2	2	4	4	2	37	2	2	2	2	2	2	2	2	24	53	2	2	2	2	2	15	2	2	2	2	15	15	3	3	4	16	15	15	15	15	2	15	2	2	24	24	24	24	6	24	6	6	6	6	6	6
2240	6	6	6	6	6	6	3	4	3	3	3	3	4	4	37	37	4	4	12	37	2	2	2	2	2	2	2	19	2	2	2	2	2	77	2	12	12	77	2	2	2	4	2	2	4	16	4	21	77	77	2	2	4	4	2	77	24	2	2	2	2	12	2	2	2	2	2	2	2	2	2	12	2	2	2	2	37	37	3	3	3	3	37	37	37	37	2	37	2	2	2	2	2	2	6	24	6	6	6	6	6	6
2260	6	6	6	6	6	6	4	4	3	3	3	3	4	4	37	37	4	4	15	37	2	2	2	2	2	2	2	19	2	2	2	2	2	77	2	12	2	77	24	2	2	4	2	2	16	16	4	21	37	77	2	2	3	16	12	37	2	12	2	2	24	24	24	24	2	2	2	2	2	2	15	15	2	15	2	2	37	37	3	3	3	16	15	37	15	15	2	15	2	2	2	2	24	24	6	24	6	6	6	6	6	6
2280	6	6	6	6	6	6	16	4	3	3	3	3	4	4	37	37	4	4	2	37	2	2	2	2	2	2	2	19	2	2	2	2	15	77	2	12	2	77	2	2	2	4	2	2	16	16	4	21	53	77	2	2	3	16	53	53	6	53	2	2	2	2	2	2	2	15	2	2	2	2	2	2	2	2	2	2	37	37	3	3	3	16	37	37	37	37	2	37	2	2	2	2	2	2	6	24	6	6	6	6	6	6
2300	6	6	6	6	6	6	4	4	16	3	3	3	4	4	37	37	4	4	12	37	2	2	2	2	2	2	2	19	2	2	2	2	12	77	2	12	2	77	2	2	24	4	2	2	4	16	4	21	37	77	2	2	4	4	12	37	2	12	24	24	2	2	24	24	2	12	2	2	2	2	2	12	2	2	2	2	37	37	4	16	4	4	37	37	37	37	2	37	2	2	2	2	24	24	6	24	6	6	6	6	6	6
2320	6	6	6	6	6	6	4	4	3	3	3	3	4	4	37	37	4	4	2	37	2	2	2	2	2	2	2	19	2	2	2	2	12	77	2	12	2	77	2	2	15	4	2	2	16	16	4	21	12	77	2	2	3	16	2	12	2	2	2	15	2	2	2	2	2	12	2	2	2	2	2	2	2	2	2	2	37	37	3	3	4	16	37	37	37	37	2	37	2	2	24	2	24	24	6	24	6	6	6	6	6	6
2340	6	6	6	6	6	6	3	4	3	3	3	3	4	4	37	37	4	4	37	37	2	2	2	2	2	2	2	19	2	2	2	2	12	77	2	12	12	77	2	2	2	4	2	2	4	16	4	21	37	77	2	2	4	4	2	37	24	2	2	2	2	12	2	2	2	12	2	2	2	2	2	37	2	2	2	2	37	37	3	3	3	3	15	37	15	15	2	15	2	2	2	2	2	2	6	24	6	6	6	6	6	6
2360	6	6	6	6	6	6	3	4	3	3	3	3	4	4	37	37	4	4	2	37	2	2	2	2	2	2	2	19	2	2	2	2	2	77	2	12	2	77	2	2	15	4	2	2	16	16	4	21	12	77	2	2	3	16	53	12	24	53	2	15	2	2	2	2	2	2	2	2	2	2	2	2	2	2	2	2	37	37	3	3	3	3	37	37	37	37	12	37	12	12	2	12	2	2	6	24	6	6	6	6	6	6
2380	6	6	6	6	6	6	3	4	3	3	3	3	4	4	37	37	4	4	12	37	2	2	2	2	2	2	2	19	2	2	2	2	2	77	2	12	2	77	2	2	2	4	2	2	16	16	4	21	37	77	2	2	3	16	12	37	24	12	2	2	2	2	2	2	2	2	2	2	2	2	2	12	2	2	2	2	37	37	3	3	3	3	37	37	37	37	12	37	2	12	2	2	2	2	6	24	6	6	6	6	6	6
2400	6	6	6	6	6	6	3	4	3	3	3	3	4	4	37	37	3	4	12	37	2	2	2	2	2	2	2	19	2	2	2	2	2	77	2	12	24	77	2	2	2	4	2	2	16	16	4	21	12	77	2	2	3	16	2	12	2	2	2	2	24	24	24	24	2	2	2	2	2	2	12	12	12	12	12	12	3	37	3	3	3	3	3	3	3	3	2	12	2	2	2	2	24	24	6	24	6	6	6	6	6	6
2420	6	6	6	6	6	6	4	4	3	3	3	3	4	4	4	37	4	4	12	37	2	2	2	2	2	2	2	19	2	2	2	2	3	77	12	12	2	77	2	2	4	4	2	2	4	16	4	21	56	77	2	2	4	4	56	56	24	56	2	15	2	2	2	2	2	12	2	2	2	2	12	12	12	12	12	12	4	4	3	3	16	16	16	16	3	16	2	12	2	2	2	2	2	2	6	24	6	6	6	6	6	6
2440	6	6	6	6	6	6	3	4	3	3	3	3	4	4	37	37	4	4	2	37	2	2	2	2	2	2	2	19	2	2	2	2	2	77	2	12	2	77	2	2	2	4	2	2	3	16	3	21	12	77	24	2	3	3	2	12	24	24	2	2	2	2	2	2	2	2	2	2	2	2	2	2	2	2	2	2	37	37	3	3	3	3	37	37	37	37	2	37	2	2	2	2	2	2	6	24	6	6	6	6	6	6
2460	6	6	6	6	6	6	3	4	3	3	3	3	4	4	37	37	4	4	2	37	2	2	2	2	2	2	2	19	2	2	2	2	2	77	2	12	2	77	2	2	4	4	15	2	4	16	4	21	37	77	24	2	4	4	2	37	24	24	2	15	2	2	2	2	2	2	2	2	2	2	2	2	2	2	2	2	37	37	3	3	3	3	37	37	37	37	2	37	2	2	2	2	2	2	6	24	6	6	6	6	6	6
2480	6	6	6	6	6	6	3	4	3	3	3	3	4	4	37	37	4	4	24	37	2	2	2	2	2	2	2	19	2	2	2	2	2	77	2	12	2	77	2	2	15	4	2	2	4	16	4	21	37	77	2	2	4	4	2	37	24	2	2	15	2	2	2	2	2	2	2	2	2	2	2	24	2	2	2	2	37	37	3	3	3	3	37	37	37	37	2	37	2	2	2	2	2	2	6	24	6	6	6	6	6	6
2500	6	6	6	6	6	6	4	4	3	3	3	3	4	4	4	37	4	4	15	37	2	2	2	2	2	2	2	19	2	2	2	2	12	77	3	12	2	77	2	2	2	4	2	2	16	16	4	21	37	77	2	2	3	16	2	37	2	2	2	2	2	2	2	2	2	12	2	2	2	2	24	15	24	24	53	24	4	4	3	3	16	16	16	16	3	16	24	53	24	24	24	24	24	24	6	24	6	6	6	6	6	6
2520	6	6	6	6	6	6	4	4	3	3	3	3	4	4	37	37	4	4	2	37	2	2	2	2	2	2	2	19	2	2	2	2	15	77	2	12	2	77	2	2	2	4	2	2	4	16	4	21	37	77	2	2	4	4	2	37	2	2	2	2	2	2	2	2	2	15	2	2	2	2	2	2	2	2	2	2	37	37	3	3	3	16	37	37	37	37	2	37	2	2	2	2	2	2	6	2	6	6	6	6	6	6
2540	6	6	6	6	6	6	16	4	3	3	3	3	4	4	37	37	4	4	2	37	2	2	2	2	2	2	2	19	2	2	2	2	2	77	2	12	2	77	2	2	4	4	15	2	4	16	4	21	15	77	2	2	4	4	2	15	2	2	2	15	2	2	2	2	24	2	2	2	2	2	2	2	2	2	2	2	37	37	3	3	3	16	37	37	37	37	2	37	2	2	24	24	24	24	6	24	6	6	6	6	6	6
2560	6	6	6	6	6	6	3	4	3	3	3	3	4	4	37	37	4	4	2	37	2	2	2	2	2	2	2	19	2	2	2	2	12	77	2	12	2	77	2	2	2	4	2	2	16	16	4	21	12	77	2	2	3	16	2	12	2	2	2	2	2	2	24	2	2	12	2	2	2	2	2	2	2	2	2	2	37	37	3	3	3	3	37	37	37	37	2	37	2	2	2	2	24	24	6	24	6	6	6	6	6	6
2580	6	6	6	6	6	6	4	4	3	3	3	3	4	4	37	37	4	4	2	37	2	2	2	2	2	2	2	19	2	2	2	2	2	77	2	12	2	77	2	2	2	4	2	2	4	16	4	21	37	77	2	2	4	4	2	37	24	2	2	2	2	2	2	2	2	2	2	2	2	2	2	2	2	2	2	2	37	37	3	3	4	16	37	37	37	37	2	37	2	2	2	2	2	2	6	24	6	6	6	6	6	6
2600	6	6	6	6	6	6	4	4	3	3	3	3	4	4	37	37	4	4	2	37	2	2	2	2	2	2	2	19	2	2	2	2	2	77	2	12	2	77	2	2	4	4	15	2	16	16	4	21	12	77	2	2	3	16	2	12	2	2	2	15	2	2	2	2	2	2	2	2	2	2	2	2	2	2	2	2	37	37	16	3	3	16	15	37	15	15	2	15	2	2	2	2	24	2	6	24	6	6	6	6	6	6
2620	6	6	6	6	6	6	3	4	3	3	3	3	4	4	37	37	4	4	2	37	2	2	2	2	2	2	2	19	2	2	2	2	2	77	2	12	12	77	2	2	2	4	2	2	4	16	4	21	37	77	2	2	4	4	2	37	2	2	2	2	2	12	2	2	2	2	2	2	2	2	2	2	2	2	2	2	37	37	3	3	3	3	37	37	37	37	2	37	2	2	2	2	2	2	6	2	6	6	6	6	6	6
2640	6	6	6	6	6	6	3	4	3	3	3	3	4	4	37	37	4	4	2	37	2	2	2	2	2	2	2	19	2	2	2	2	12	77	2	12	2	77	2	2	2	4	2	2	4	16	4	21	37	77	2	2	4	4	2	37	2	2	2	2	2	2	2	2	2	12	2	2	2	2	2	2	2	2	2	2	37	37	3	3	3	3	15	37	15	15	2	15	2	2	2	2	2	2	6	2	6	6	6	6	6	6
2660	6	6	6	6	6	6	3	4	3	3	3	3	4	4	37	37	4	4	15	37	2	2	2	2	2	2	2	19	2	2	2	2	2	77	12	12	2	77	2	2	2	4	15	2	4	16	4	21	15	77	24	2	4	4	2	15	6	24	2	15	2	2	2	2	2	12	2	2	2	2	2	15	2	2	2	2	37	37	3	3	3	3	37	37	37	37	2	37	2	2	2	2	2	2	6	24	6	6	6	6	6	6
2680	6	6	6	6	6	6	3	4	3	3	3	3	4	4	37	37	4	4	2	37	2	2	2	2	2	2	2	19	2	2	2	2	2	77	12	12	2	77	2	2	2	4	2	2	4	16	4	21	46	77	2	2	4	4	2	46	24	2	2	2	2	2	2	2	2	12	2	2	2	2	2	2	2	2	2	2	37	37	3	3	3	3	37	37	37	37	2	37	2	2	2	2	2	2	6	24	6	6	6	6	6	6
2700	6	6	6	6	6	6	3	4	3	3	3	3	4	4	37	37	4	4	2	37	2	2	2	2	2	2	2	19	2	2	2	2	37	77	2	12	2	77	2	2	15	4	2	2	16	16	4	21	37	77	2	2	3	16	12	37	24	12	2	15	2	2	2	2	2	37	2	2	2	2	2	2	2	2	2	2	37	37	3	3	3	3	37	37	37	37	2	37	2	2	2	2	2	2	6	24	6	6	6	6	6	6
2720	6	6	6	6	6	6	3	4	3	3	3	3	4	4	37	37	4	4	12	37	2	2	2	2	2	2	2	19	2	2	2	2	50	77	2	12	2	77	2	2	2	4	2	2	4	16	15	21	12	77	2	2	2	15	12	12	2	12	2	2	2	2	2	2	24	50	2	2	2	2	12	12	2	12	2	2	37	37	3	3	3	3	15	37	15	15	2	15	2	2	24	24	24	24	6	24	6	6	6	6	6	6
2740	6	6	6	6	6	6	4	4	3	3	16	3	3	4	16	37	4	4	2	37	2	2	2	2	2	2	2	19	2	2	2	2	2	77	2	12	2	77	2	2	2	4	2	2	16	16	4	21	12	77	3	2	3	16	12	12	24	12	2	2	2	2	2	2	2	2	2	2	2	2	2	2	2	2	2	2	16	16	16	16	4	16	16	16	16	16	2	37	2	2	2	2	2	2	6	24	6	6	6	6	6	6
2760	6	6	6	6	6	6	3	4	3	3	3	3	2	4	37	37	4	4	2	37	2	2	2	2	2	2	2	19	2	2	2	2	2	77	2	12	2	77	2	2	2	4	2	2	4	16	4	21	37	77	2	2	4	4	2	37	2	2	2	2	2	2	2	2	2	2	2	2	2	2	2	2	2	2	2	2	37	37	3	3	3	3	37	37	37	37	2	37	2	2	2	2	2	2	6	2	6	6	6	6	6	6
2780	6	6	6	6	6	6	4	4	16	3	3	3	4	4	4	37	4	4	37	37	2	2	2	2	2	2	2	19	2	2	2	2	2	77	2	12	2	77	2	2	4	4	15	2	4	16	4	21	37	77	2	2	4	4	12	37	2	12	2	15	2	2	2	2	2	2	2	2	2	2	37	37	37	37	37	37	4	4	16	16	16	16	4	16	4	4	2	37	2	2	2	2	2	2	6	2	6	6	6	6	6	6
2800	6	6	6	6	6	6	3	4	3	3	3	3	4	4	37	37	4	4	2	37	2	2	2	2	2	2	2	19	2	2	2	2	2	77	2	12	2	77	2	2	4	4	2	2	16	16	4	21	37	77	2	2	3	16	12	37	2	12	2	15	2	2	2	2	2	2	2	2	2	2	2	2	2	2	2	2	37	37	3	3	3	3	37	37	37	37	2	37	2	2	2	2	2	2	6	2	6	6	6	6	6	6
2820	6	6	6	6	6	6	3	4	3	3	3	3	4	4	37	37	4	4	2	37	2	2	2	2	2	2	2	19	2	2	2	2	15	77	2	12	2	77	2	2	2	4	2	2	4	16	21	21	77	77	2	2	4	21	2	77	24	2	12	2	2	2	2	12	2	15	2	2	2	2	2	2	2	2	2	2	37	37	3	3	3	3	37	37	37	37	2	37	2	2	2	2	2	2	6	24	6	6	6	6	6	6
2840	6	6	6	6	6	6	4	4	16	3	3	3	4	4	15	37	4	4	2	37	2	2	2	2	2	2	2	19	2	2	2	2	2	77	2	12	2	77	2	2	2	4	2	2	4	16	4	21	15	77	24	2	4	4	2	15	6	24	2	2	2	2	2	2	2	2	2	2	2	2	2	2	2	2	2	2	15	15	16	16	4	16	15	15	15	15	2	15	2	2	2	2	2	2	6	24	6	6	6	6	6	6
2860	6	6	6	6	6	6	16	4	3	3	3	3	4	4	37	37	4	4	2	37	2	2	2	2	2	2	2	19	2	2	2	2	2	77	2	12	2	77	2	2	2	4	2	2	16	16	4	21	12	77	2	2	3	16	2	12	2	2	2	2	2	2	2	2	2	2	2	2	2	2	2	2	2	2	2	2	37	37	3	3	3	16	37	37	37	37	12	37	2	12	2	2	2	2	6	2	6	6	6	6	6	6
2880	6	6	6	6	6	6	3	4	3	3	3	3	4	4	37	37	4	4	2	37	2	2	2	2	2	2	2	19	2	2	2	2	12	77	2	12	2	77	24	2	2	4	2	2	16	16	4	21	37	77	2	2	3	16	15	37	2	15	2	2	24	24	24	24	2	12	2	2	2	2	2	2	2	2	2	2	37	37	3	3	3	3	37	37	37	37	2	37	2	2	2	2	24	24	6	24	6	6	6	6	6	6
2900	6	6	6	6	6	6	3	4	3	3	3	3	4	4	37	37	4	4	12	37	2	2	2	2	2	2	2	19	2	2	2	2	12	77	2	12	2	77	2	2	2	4	2	2	16	16	4	21	37	77	2	2	3	16	2	37	2	2	2	2	2	2	2	2	24	12	2	2	2	2	2	12	2	2	2	2	37	37	3	3	3	3	37	37	37	37	2	37	2	2	24	24	24	24	6	24	6	6	6	6	6	6
2920	6	6	6	6	6	6	16	4	3	3	3	3	4	4	37	37	4	4	2	37	2	2	2	2	2	2	2	19	2	2	2	2	15	77	2	12	12	77	2	2	2	4	2	2	4	16	4	21	87	77	2	2	4	4	24	87	24	24	2	2	8	12	2	8	2	15	2	2	2	2	2	2	2	2	2	2	37	37	3	3	3	16	15	37	15	15	2	15	2	2	2	2	2	2	6	24	6	6	6	6	6	6
2940	6	6	6	6	6	6	3	4	3	3	3	3	4	4	37	37	4	4	37	37	2	2	2	2	2	2	2	19	2	2	2	2	37	77	2	12	2	77	2	2	4	4	15	2	4	16	4	21	56	77	2	2	4	4	24	56	24	24	2	15	2	2	2	2	2	37	2	2	2	2	2	37	2	2	2	2	37	37	3	3	3	3	37	37	37	37	12	37	2	12	2	2	2	2	6	24	6	6	6	6	6	6
2960	6	6	6	6	6	6	3	4	3	3	3	3	4	4	37	37	4	4	15	37	2	2	2	2	2	2	2	19	2	2	2	2	3	77	12	12	2	77	2	2	24	4	2	2	4	16	4	21	15	77	2	2	4	4	2	15	2	2	24	24	2	2	24	24	2	12	2	2	2	2	2	15	2	2	2	2	37	37	3	3	3	3	37	37	37	37	2	37	2	2	2	2	24	24	6	24	6	6	6	6	6	6
2980	6	6	6	6	6	6	3	4	3	3	3	3	4	4	37	37	3	4	3	37	12	2	2	2	2	2	2	19	2	2	2	2	2	77	12	12	2	77	2	2	2	4	2	2	15	16	4	21	2	77	2	2	15	15	2	15	24	2	2	2	2	2	2	2	2	12	2	2	2	2	12	12	12	12	12	12	12	37	3	3	3	3	3	12	3	3	2	12	2	2	2	2	2	2	6	24	6	6	6	6	6	6
3000	6	6	6	6	6	6	3	4	3	3	3	3	4	4	37	37	4	4	12	37	2	2	2	2	2	2	2	19	2	2	2	2	2	77	2	12	2	77	2	2	2	4	2	2	4	16	4	21	87	77	2	2	4	4	24	87	24	24	2	2	2	2	2	2	2	2	2	2	2	2	2	12	2	2	2	2	37	37	3	3	3	3	37	37	37	37	2	37	2	2	2	2	2	2	6	24	6	6	6	6	6	6
3020	6	6	6	6	6	6	3	4	3	3	3	3	4	4	37	37	4	4	2	37	2	2	2	2	2	2	2	19	2	2	2	2	37	77	2	12	2	77	2	2	4	4	2	2	4	16	4	21	37	77	2	2	4	4	2	37	2	2	2	15	2	2	2	2	2	37	2	2	2	2	2	2	2	2	2	2	37	37	3	3	3	3	37	37	37	37	12	37	2	12	24	2	24	24	6	24	6	6	6	6	6	6
3040	6	6	6	6	6	6	4	4	3	3	3	3	4	4	37	37	4	4	37	37	2	2	2	2	2	2	2	19	2	2	2	2	2	77	2	12	2	77	2	2	4	4	15	2	4	16	4	21	87	77	2	2	4	4	24	87	24	24	2	15	2	2	2	2	2	2	2	2	2	2	2	37	2	2	2	2	37	37	16	3	4	16	37	37	37	37	2	37	2	2	2	2	2	2	6	24	6	6	6	6	6	6
3060	6	6	6	6	6	6	4	4	3	3	3	3	4	4	37	37	4	4	2	37	2	2	2	2	2	2	2	19	2	2	2	2	2	77	2	12	2	77	2	2	2	4	2	2	4	16	4	21	56	77	2	2	4	4	56	56	6	56	2	2	2	2	2	2	2	2	2	2	2	2	2	2	2	2	2	2	37	37	3	3	4	16	37	37	37	37	2	37	2	2	2	2	2	2	6	24	6	6	6	6	6	6
3080	6	6	6	6	6	6	3	4	3	3	3	3	4	4	37	37	4	4	12	37	2	2	2	2	2	2	2	19	2	2	2	2	12	77	2	12	2	77	2	2	2	4	2	2	4	16	4	21	37	77	2	2	4	4	24	37	24	24	2	2	2	2	2	2	2	12	2	2	2	2	2	12	2	2	2	2	37	37	3	3	3	3	37	37	37	37	2	37	2	2	2	2	2	2	6	24	6	6	6	6	6	6
3100	6	6	6	6	6	6	3	4	3	3	3	3	4	4	37	37	4	4	2	37	2	2	2	2	2	2	2	19	2	2	2	2	2	77	2	12	2	77	2	2	9	4	2	2	16	16	4	21	12	77	2	2	3	16	53	12	24	53	2	9	2	2	2	2	2	2	2	2	2	2	2	2	2	2	2	2	37	37	3	3	3	3	37	37	37	37	2	37	2	2	2	2	2	2	6	24	6	6	6	6	6	6
3120	6	6	6	6	6	6	3	4	3	3	3	3	4	4	37	37	4	4	2	37	2	2	2	2	2	2	2	19	2	2	2	2	2	77	2	12	2	77	2	2	2	4	2	2	37	16	4	21	37	77	2	2	2	37	12	37	2	12	2	2	2	2	2	2	2	2	2	2	2	2	2	2	2	2	2	2	37	37	3	3	3	3	15	37	15	15	2	15	2	2	24	2	24	24	6	24	6	6	6	6	6	6
3140	6	6	6	6	6	6	3	4	3	3	3	3	4	4	37	37	4	4	37	37	2	2	2	2	2	2	2	19	2	2	2	2	2	77	53	12	2	77	2	2	2	4	2	2	4	16	4	21	15	77	2	2	4	4	2	15	2	2	2	2	2	2	2	2	24	53	2	2	2	2	2	37	2	2	2	2	37	37	3	3	3	3	37	37	37	37	2	37	2	2	24	24	24	24	6	24	6	6	6	6	6	6
3160	6	6	6	6	6	6	3	4	3	3	3	3	4	4	15	37	4	4	2	37	2	2	2	2	2	2	2	19	2	2	2	2	2	77	2	12	2	77	2	2	2	4	2	2	16	16	4	21	12	77	2	2	3	16	2	12	2	2	2	2	2	2	2	2	2	2	2	2	2	2	2	2	2	2	2	2	15	15	3	3	3	3	37	37	37	37	12	37	12	12	12	12	2	12	6	2	6	6	6	6	6	6
3180	6	6	6	6	6	6	3	4	3	3	3	3	4	4	37	37	4	4	15	37	2	2	2	2	2	2	2	19	2	2	2	2	2	77	2	12	2	77	2	2	4	4	2	2	16	16	4	21	12	77	2	2	3	16	2	12	24	2	2	15	2	2	2	2	2	2	2	2	2	2	15	15	2	15	2	2	37	37	3	3	3	3	37	37	37	37	2	37	2	2	2	2	2	2	6	24	6	6	6	6	6	6
3200	6	6	6	6	6	6	3	4	3	3	3	3	4	4	37	37	4	4	2	37	2	2	2	2	2	2	2	19	2	2	2	2	2	77	12	12	2	77	2	2	2	4	2	2	4	16	21	21	15	77	2	2	4	21	2	15	2	2	2	2	2	2	2	2	2	12	2	2	2	2	2	2	2	2	2	2	37	37	3	3	3	3	37	37	37	37	2	37	2	2	2	2	2	2	6	2	6	6	6	6	6	6
3220	6	6	6	6	6	6	3	4	3	3	3	3	4	4	37	37	4	4	2	37	2	2	2	2	2	2	2	19	2	2	2	2	37	77	2	12	2	77	2	2	2	4	2	2	16	16	4	21	37	77	2	2	3	16	2	37	2	2	2	2	2	2	2	2	24	37	2	2	2	2	2	2	2	2	2	2	37	37	3	3	3	3	37	37	37	37	2	37	2	2	24	24	24	24	6	24	6	6	6	6	6	6
3240	6	6	6	6	6	6	4	4	3	3	16	3	4	4	15	37	4	4	2	37	2	2	2	2	2	2	2	19	2	2	2	2	37	77	2	12	12	77	2	2	4	4	15	2	4	16	4	21	37	77	2	2	4	4	12	37	2	12	2	15	24	12	24	24	2	37	2	2	2	2	2	2	2	2	2	2	15	15	16	16	4	16	15	15	15	15	2	15	2	2	2	2	24	24	6	24	6	6	6	6	6	6
3260	6	6	6	6	6	6	4	4	3	3	3	3	4	4	16	37	4	4	12	37	2	2	2	2	2	2	2	19	2	2	2	2	2	77	2	12	2	77	2	2	2	4	2	2	21	16	5	21	56	77	2	2	4	21	24	56	24	24	2	2	2	2	2	2	2	2	2	2	2	2	2	12	2	2	15	2	3	16	16	3	16	16	4	16	4	4	2	15	2	2	2	2	2	2	6	24	6	6	6	6	6	6
3280	6	6	6	6	6	6	4	4	3	3	3	3	4	4	37	37	4	4	2	37	2	2	2	2	2	2	2	19	2	2	2	2	12	77	3	12	2	77	24	2	4	4	2	2	4	16	4	21	37	77	2	2	4	4	2	37	2	2	2	15	24	24	24	24	2	12	2	2	2	2	2	2	2	2	2	2	37	37	3	3	4	16	37	37	37	37	2	37	2	2	2	2	24	24	6	24	6	6	6	6	6	6
3300	6	6	6	6	6	6	4	4	3	3	3	3	4	4	4	37	4	4	37	37	2	2	2	2	2	2	2	19	2	2	2	2	3	77	12	12	2	77	2	2	3	4	2	2	4	16	4	21	77	77	2	2	4	4	12	77	24	12	2	12	2	2	2	2	2	12	2	2	2	2	37	37	37	37	37	37	4	4	3	3	16	16	16	16	3	16	12	37	2	12	2	2	2	2	6	24	6	6	6	6	6	6
3320	6	6	6	6	6	6	3	4	3	3	3	3	4	4	37	37	4	4	2	37	2	2	2	2	2	2	2	19	2	2	2	2	2	77	2	12	2	77	2	2	15	4	2	2	4	16	4	21	37	77	2	2	4	4	2	37	24	2	2	15	2	2	2	2	2	2	2	2	2	2	2	2	2	2	2	2	37	37	3	3	3	3	37	37	37	37	2	37	2	2	2	2	2	2	6	24	6	6	6	6	6	6
3340	6	6	6	6	6	6	16	4	3	3	3	3	4	4	37	37	4	4	2	37	2	2	2	2	2	2	2	19	2	2	2	2	2	77	2	12	2	77	2	2	2	4	2	2	16	16	4	21	37	77	2	2	3	16	15	37	24	15	2	2	2	2	2	2	2	2	2	2	2	2	2	2	2	2	2	2	37	37	3	3	4	16	37	37	37	37	2	37	2	2	2	2	2	2	6	24	6	6	6	6	6	6
3360	6	6	6	6	6	6	4	4	3	3	16	3	4	4	2	37	4	4	2	37	2	2	2	2	2	2	2	19	2	2	2	2	87	77	3	12	2	77	2	2	15	4	2	2	16	16	4	21	12	77	2	2	3	16	2	12	2	2	2	15	2	2	2	2	24	87	2	2	2	2	2	2	2	2	2	2	15	15	16	16	4	16	15	15	15	15	2	15	2	2	24	24	24	24	6	24	6	6	6	6	6	6
3380	6	6	6	6	6	6	26	4	25	3	3	3	4	4	37	37	4	4	37	37	2	2	2	2	2	2	2	19	2	2	2	2	12	77	3	12	2	77	2	2	2	4	2	2	57	16	4	21	4	77	6	2	57	57	6	57	6	6	2	2	2	2	2	2	2	12	2	2	2	2	2	37	2	2	2	2	37	37	6	25	4	26	37	37	15	37	2	15	2	2	2	2	2	2	6	24	6	6	6	6	6	6
3400	6	6	6	6	6	6	3	4	3	3	3	3	4	4	37	37	4	4	15	37	2	2	2	2	2	2	2	19	2	2	2	2	2	77	2	12	2	77	2	2	4	4	15	2	4	16	4	21	87	77	2	2	4	4	53	87	6	53	2	15	2	2	2	2	2	2	2	2	2	2	2	15	2	2	2	2	37	37	3	3	3	3	37	37	37	37	2	37	2	2	2	2	2	2	6	24	6	6	6	6	6	6
3420	6	6	6	6	6	6	3	4	3	3	3	3	4	4	37	37	4	4	2	37	2	2	2	2	2	2	2	19	2	2	2	2	15	77	2	12	2	77	2	2	4	4	15	2	4	16	4	21	15	77	2	2	4	4	24	15	24	24	2	15	2	2	2	2	2	15	2	2	2	2	2	2	2	2	2	2	37	37	3	3	3	3	15	37	15	15	2	15	2	2	2	2	2	2	6	24	6	6	6	6	6	6
3440	6	6	6	6	6	6	4	4	3	3	3	3	4	4	15	37	4	4	12	37	2	2	2	2	2	2	2	19	2	2	2	2	3	77	12	12	2	77	2	2	4	4	2	2	3	16	3	21	12	77	2	2	3	3	2	12	2	2	2	15	2	2	2	2	2	12	2	2	2	2	12	12	12	12	12	12	4	15	16	3	16	16	16	16	3	16	2	12	2	2	2	2	24	2	6	24	6	6	6	6	6	6
3460	6	6	6	6	6	6	3	4	3	3	3	3	4	4	37	37	4	4	2	37	2	2	2	2	2	2	2	19	2	2	2	2	12	77	2	12	2	77	2	2	2	4	2	2	4	16	4	21	37	77	2	2	4	4	2	37	24	2	2	2	2	2	2	2	2	12	2	2	2	2	2	2	2	2	2	2	37	37	3	3	3	3	37	37	37	37	2	37	2	2	2	2	2	2	6	24	6	6	6	6	6	6
3480	6	6	6	6	6	6	3	4	3	3	3	3	4	4	37	37	4	4	2	37	2	2	2	2	2	2	2	19	2	2	2	2	2	77	2	12	2	77	2	2	15	4	2	2	3	16	16	21	37	77	2	2	3	16	12	37	2	12	2	15	2	2	2	2	2	2	2	2	2	2	2	2	2	2	2	2	37	37	3	3	3	3	37	37	37	37	2	37	2	2	2	2	2	2	6	2	6	6	6	6	6	6
3500	6	6	6	6	6	6	4	4	3	3	16	3	4	4	37	37	4	4	12	37	2	2	2	2	2	2	2	19	2	2	2	2	53	77	2	12	2	77	2	2	4	4	15	2	16	16	4	21	12	77	2	2	3	16	2	12	2	2	2	15	2	2	2	2	24	53	2	2	2	2	2	12	2	2	2	2	37	37	4	16	4	4	37	37	12	37	2	12	2	2	24	24	24	24	6	24	6	6	6	6	6	6
3520	6	6	6	6	6	6	3	4	3	3	3	3	4	4	37	37	4	4	2	37	2	2	2	2	2	2	2	19	2	2	2	2	2	77	2	12	12	77	2	2	23	4	6	2	16	16	4	21	37	77	2	2	3	16	12	37	2	12	6	23	2	12	24	24	2	2	2	2	2	2	2	2	2	2	2	2	37	37	3	3	3	3	37	37	37	37	12	37	2	12	2	2	24	24	6	24	6	6	6	6	6	6
3540	6	6	6	6	6	6	3	4	3	3	3	3	4	4	37	37	4	4	2	37	2	2	2	2	2	2	2	19	2	2	2	2	53	77	2	12	2	77	2	2	2	4	2	2	4	16	6	21	2	77	2	2	26	26	50	56	6	50	2	2	2	2	2	2	2	53	2	2	2	2	2	2	2	2	2	2	37	37	3	3	3	3	37	37	37	37	12	37	2	12	2	2	2	2	6	24	6	6	6	6	6	6
3560	6	6	6	6	6	6	3	4	3	3	3	3	4	4	37	37	4	4	2	37	2	2	2	2	2	2	2	19	2	2	2	2	2	77	2	12	2	77	2	2	2	4	2	2	4	16	21	21	15	77	2	2	4	21	2	15	24	2	2	2	2	2	2	2	2	2	2	2	2	2	2	2	2	2	2	2	37	37	3	3	3	3	37	37	37	37	2	37	2	2	2	2	2	2	6	24	6	6	6	6	6	6
3580	6	6	6	6	6	6	4	4	3	3	3	3	4	4	37	37	4	4	2	37	2	2	2	2	2	2	2	19	2	2	2	2	15	77	2	12	2	77	2	2	2	4	2	2	3	16	3	21	37	77	24	2	3	3	2	37	24	24	2	2	2	2	2	2	2	15	2	2	2	2	2	2	2	2	2	2	37	37	3	3	3	16	37	37	37	37	2	37	2	2	2	2	2	2	6	24	6	6	6	6	6	6
3600	6	6	6	6	6	6	3	4	3	3	3	3	4	4	37	37	4	4	19	37	2	2	2	2	2	2	2	19	2	2	2	2	15	77	2	12	2	77	2	2	15	4	2	2	16	16	4	21	12	77	2	2	3	16	2	12	24	2	2	15	2	2	2	2	2	15	2	2	2	2	2	19	2	2	2	2	37	37	3	3	3	3	37	37	37	37	2	37	2	2	2	2	2	2	6	24	6	6	6	6	6	6
3620	6	6	6	6	6	6	4	4	3	3	16	3	4	4	37	37	4	4	12	37	2	2	2	2	2	2	2	19	2	2	2	2	2	77	2	12	2	77	2	2	2	4	2	2	37	16	4	21	2	77	2	2	12	37	12	12	2	12	2	2	2	2	2	2	2	2	2	2	2	2	2	12	2	2	2	2	37	37	16	16	3	16	37	37	37	37	12	37	2	12	2	2	24	2	6	24	6	6	6	6	6	6
3640	6	6	6	6	6	6	3	4	3	3	3	3	4	4	87	37	4	4	2	37	2	2	2	2	2	2	2	19	2	2	2	2	2	77	2	12	2	77	2	2	2	4	2	2	16	16	4	21	15	77	24	2	3	16	2	37	6	24	2	2	2	2	2	2	2	2	2	2	2	2	2	2	2	2	2	2	87	87	3	3	3	3	15	87	15	15	2	15	2	2	2	2	2	2	6	24	6	6	6	6	6	6
3660	6	6	6	6	6	6	4	4	12	3	3	3	4	4	37	37	4	4	2	37	2	2	2	2	2	2	2	19	2	2	2	2	12	77	2	12	12	77	2	2	2	4	2	2	16	16	4	21	24	77	2	2	16	16	53	87	24	53	2	2	2	12	2	2	2	12	2	2	2	2	2	2	2	2	2	2	37	37	2	12	2	15	37	37	37	37	2	37	2	2	2	2	2	2	6	24	6	6	6	6	6	6
3680	6	6	6	6	6	6	4	4	16	3	3	3	4	4	37	37	4	4	2	37	2	2	2	2	2	2	2	19	2	2	2	2	12	77	2	12	2	77	2	2	2	4	2	2	16	16	4	21	12	77	2	2	3	16	2	12	2	2	2	2	2	2	2	2	24	12	2	2	2	2	2	2	2	2	2	2	37	37	16	16	3	16	37	37	37	37	2	37	2	2	24	24	24	24	6	24	6	6	6	6	6	6
3700	6	6	6	6	6	6	4	4	3	3	3	3	4	4	4	37	4	4	12	37	2	2	2	2	2	2	2	19	2	2	2	2	2	77	2	12	2	77	2	2	4	4	2	2	4	16	4	21	2	77	2	2	4	4	2	15	24	2	2	15	2	2	2	2	2	2	2	2	2	2	12	12	12	12	12	12	4	4	3	3	16	16	16	16	3	16	2	12	2	2	2	2	2	2	6	24	6	6	6	6	6	6
3720	6	6	6	6	6	6	4	4	3	3	16	3	4	4	4	37	4	4	15	37	2	2	2	2	2	2	2	19	2	2	2	2	3	77	12	12	2	77	2	2	2	4	2	2	16	16	4	21	37	77	2	2	4	16	2	37	24	2	2	2	2	2	2	2	2	12	2	2	2	2	15	15	15	15	15	15	4	4	4	16	4	4	4	4	4	4	2	15	2	2	2	2	2	2	6	24	6	6	6	6	6	6
3740	6	6	6	6	6	6	4	4	3	3	16	3	4	4	37	37	4	4	2	37	2	2	2	2	2	2	2	19	2	2	2	2	2	77	2	12	2	77	2	2	2	4	2	2	4	16	4	21	37	77	2	2	4	4	2	37	2	2	2	2	2	2	2	2	24	2	2	2	2	2	2	2	12	2	2	12	37	37	16	16	3	16	37	37	37	37	2	37	2	2	24	24	24	24	6	24	6	6	6	6	6	6
3760	6	6	6	6	6	6	3	4	3	3	3	3	4	4	37	37	4	4	12	37	2	2	2	2	2	2	2	19	2	2	2	2	12	77	2	12	12	77	2	2	4	4	15	2	4	16	4	21	56	77	2	2	4	4	56	56	24	56	2	15	2	12	2	2	2	12	2	2	2	2	2	12	2	2	2	2	37	37	3	3	3	3	15	37	15	15	2	15	2	2	2	2	2	2	6	24	6	6	6	6	6	6
3780	6	6	6	6	6	6	4	4	16	3	3	3	4	4	15	37	4	4	2	37	2	2	2	2	2	2	2	19	2	2	2	2	2	77	2	12	2	77	2	2	2	4	2	2	4	16	4	21	15	77	2	2	4	4	2	15	24	2	2	2	2	2	2	2	2	2	2	2	2	2	2	2	2	2	2	2	15	15	4	16	4	4	15	15	15	15	2	15	2	2	2	2	2	2	6	24	6	6	6	6	6	6
3800	6	6	6	6	6	6	3	4	3	3	3	3	4	4	37	37	4	4	2	37	2	2	2	2	2	2	2	19	2	2	2	2	2	77	2	12	2	77	2	2	4	4	56	2	4	16	4	21	15	77	2	2	4	4	2	15	2	2	24	56	2	2	24	24	2	2	2	2	2	2	2	2	2	2	2	2	37	37	3	3	3	3	37	37	37	37	12	37	2	12	2	2	24	24	6	24	6	6	6	6	6	6
3820	6	6	6	6	6	6	3	4	3	3	3	3	4	4	37	37	4	4	37	37	2	2	2	2	2	2	2	19	2	2	2	2	2	77	2	12	2	77	2	2	2	4	2	2	16	16	4	21	37	77	2	2	3	16	53	37	24	53	2	2	2	2	2	2	2	2	2	2	2	2	2	37	2	2	2	2	37	37	3	3	3	3	37	37	37	37	2	37	2	2	2	2	2	2	6	24	6	6	6	6	6	6
3840	6	6	6	6	6	6	16	4	3	3	3	3	4	4	37	37	4	4	37	37	2	2	2	2	2	2	2	19	2	2	2	2	37	77	3	12	2	77	2	2	4	4	15	2	4	16	4	21	37	77	2	2	4	4	2	37	2	2	2	15	2	2	2	2	24	37	2	2	2	2	12	37	12	12	2	12	37	37	3	3	4	16	37	37	37	37	2	37	2	2	24	24	24	24	6	24	6	6	6	6	6	6
3860	6	6	6	6	6	6	3	4	3	3	3	3	4	4	37	37	4	4	2	37	2	2	2	2	2	2	2	19	2	2	2	2	12	77	2	12	2	77	2	2	2	4	2	2	4	16	4	21	15	77	2	2	4	4	2	15	2	2	2	2	2	2	2	2	2	12	2	2	2	2	2	2	2	2	2	2	37	37	3	3	3	3	37	37	37	37	2	37	2	2	2	2	2	2	6	2	6	6	6	6	6	6
3880	6	6	6	6	6	6	3	4	3	3	3	3	4	4	37	37	4	4	2	37	2	2	2	2	2	2	2	19	2	2	2	2	2	77	12	12	2	77	2	2	2	4	2	2	16	16	4	21	12	77	24	2	3	16	2	12	24	24	2	2	2	2	2	2	2	12	2	2	2	2	2	2	2	2	2	2	37	37	3	3	3	3	37	37	37	37	2	37	2	2	2	2	2	2	6	24	6	6	6	6	6	6
3900	6	6	6	6	6	6	4	4	3	3	3	3	4	4	37	37	4	4	2	37	2	2	2	2	2	2	2	19	2	2	2	2	2	77	2	12	2	77	2	2	2	4	2	2	4	16	4	21	2	77	2	2	4	4	2	15	24	2	2	2	2	2	2	2	2	2	2	2	2	2	2	2	2	2	2	2	15	37	3	3	4	16	15	15	34	15	2	34	2	2	2	2	2	2	6	24	6	6	6	6	6	6
3920	6	6	6	6	6	6	3	4	3	3	3	3	4	4	37	37	4	4	12	37	2	2	2	2	2	2	2	19	2	2	2	2	2	77	12	12	2	77	2	2	2	4	2	2	16	16	4	21	37	77	2	2	3	16	2	37	24	2	2	2	2	2	2	2	2	12	2	2	2	2	2	12	2	2	2	2	37	37	3	3	3	3	37	37	37	37	2	37	2	2	2	2	2	2	6	24	6	6	6	6	6	6
3940	6	6	6	6	6	6	4	4	16	3	3	3	4	4	4	37	4	4	15	37	2	2	2	2	2	2	2	19	2	2	2	2	2	77	2	12	2	77	2	2	2	4	2	2	4	16	4	21	37	77	2	2	4	4	2	37	2	2	2	2	2	2	2	2	2	2	2	2	2	2	15	15	15	15	15	15	4	4	4	16	4	4	4	4	4	4	2	15	2	2	2	2	2	2	6	2	6	6	6	6	6	6
3960	6	6	6	6	6	6	4	4	3	3	16	3	4	4	37	37	4	4	12	37	2	2	2	2	2	2	2	19	2	2	2	2	12	77	3	12	2	77	2	2	2	4	2	2	16	16	4	21	56	77	2	2	4	16	24	56	24	24	2	2	2	2	2	2	2	12	2	2	2	2	2	12	2	2	2	2	37	37	4	16	4	4	37	37	37	37	2	37	2	2	2	2	2	2	6	24	6	6	6	6	6	6
3980	6	6	6	6	6	6	3	4	3	3	3	3	4	4	37	37	4	4	12	37	2	2	2	2	2	2	2	19	2	2	24	2	3	77	12	12	2	77	2	2	4	4	15	2	16	16	4	21	12	77	2	2	3	16	2	12	2	2	2	15	2	2	2	2	2	12	2	2	2	2	12	12	12	12	2	12	37	37	3	3	3	3	37	37	37	37	2	37	24	24	24	24	24	24	6	24	6	6	6	6	6	6
4000	6	6	6	6	6	6	4	4	3	3	3	3	4	4	37	37	4	4	15	37	2	2	2	2	2	2	2	19	2	2	2	2	15	77	2	12	2	77	2	2	2	4	24	2	3	16	3	21	12	77	2	2	3	3	2	12	2	2	24	24	2	2	24	24	2	15	2	2	2	2	2	15	2	2	2	2	37	37	16	3	3	16	15	37	15	15	2	15	2	2	2	2	24	24	6	24	6	6	6	6	6	6
4020	6	6	6	6	6	6	4	4	3	3	16	3	4	4	15	37	4	4	2	37	2	2	2	2	2	2	2	19	2	2	2	2	2	77	12	12	2	77	24	2	4	4	15	2	16	16	4	21	37	77	2	2	4	16	15	37	2	15	2	15	24	24	24	24	2	12	2	2	2	2	2	2	2	2	2	2	15	15	4	16	4	4	15	15	15	15	2	15	2	2	2	2	24	24	6	24	6	6	6	6	6	6
4040	6	6	6	6	6	6	4	4	3	3	3	3	4	4	15	37	4	4	2	37	2	2	2	2	2	2	2	19	2	2	2	2	12	77	2	12	2	77	2	2	4	4	2	2	4	16	4	21	37	77	2	2	4	4	2	37	24	2	2	15	2	2	2	2	2	12	2	2	2	2	2	2	2	2	2	2	2	15	3	3	16	16	37	37	37	37	12	37	2	12	2	2	2	2	6	24	6	6	6	6	6	6
4060	6	6	6	6	6	6	4	4	3	3	16	3	4	4	37	37	4	4	2	37	2	2	2	2	2	2	2	19	2	2	2	2	2	77	2	12	2	77	2	2	2	4	15	2	4	16	4	21	37	77	2	2	4	4	37	37	24	37	2	15	2	2	2	2	2	2	2	2	2	2	2	2	2	2	2	2	37	37	16	16	3	16	37	37	12	37	2	12	2	2	2	2	2	2	6	24	6	6	6	6	6	6
4080	6	6	6	6	6	6	3	4	3	3	3	3	4	4	37	37	4	4	2	37	2	2	2	2	2	2	2	19	2	2	2	2	2	77	2	12	2	77	2	2	56	4	2	2	16	16	4	21	37	77	2	2	4	16	12	37	2	12	24	56	2	2	24	24	2	2	2	2	2	2	2	2	2	2	2	2	37	37	3	3	3	3	37	37	37	37	2	37	2	2	2	2	24	24	6	24	6	6	6	6	6	6
4100	6	6	6	6	6	6	3	4	3	3	3	3	4	4	66	37	4	4	2	37	2	2	2	2	2	2	2	19	2	2	2	2	12	77	3	12	2	77	2	2	2	4	2	2	16	16	4	21	12	77	2	2	3	16	12	12	24	12	2	2	2	2	2	2	2	12	2	2	2	2	2	2	2	2	2	2	66	66	3	3	3	3	66	66	66	66	2	66	2	2	2	2	2	2	6	24	6	6	6	6	6	6
4120	6	6	6	6	6	6	3	4	3	3	3	3	4	4	37	37	4	4	2	37	2	2	2	2	2	2	2	19	2	2	2	2	2	77	2	12	2	77	2	2	2	4	2	2	4	16	4	21	15	77	2	2	4	4	2	15	2	2	2	2	2	2	2	2	24	2	2	2	2	2	2	2	2	2	2	2	37	37	3	3	3	3	37	37	2	37	2	2	2	2	24	24	24	24	6	24	6	6	6	6	6	6
4140	6	6	6	6	6	6	3	4	3	3	3	3	4	4	37	37	4	4	2	37	2	2	2	2	2	2	2	19	2	2	2	2	37	77	2	12	2	77	2	2	2	4	2	2	16	16	4	21	15	77	2	2	4	16	15	15	24	15	2	2	2	2	2	2	2	37	2	2	2	2	2	2	2	2	2	2	37	37	3	3	3	3	37	37	37	37	12	37	2	12	2	2	2	2	6	24	6	6	6	6	6	6
4160	6	6	6	6	6	6	4	4	3	3	3	3	4	4	37	37	4	4	15	37	2	2	2	2	2	2	2	19	2	2	2	2	3	77	12	12	2	77	2	2	4	4	2	2	4	16	4	21	15	77	2	2	4	4	2	15	24	2	2	15	2	2	2	2	2	12	2	2	2	2	2	15	2	2	2	2	2	37	3	3	16	16	37	37	37	37	2	37	2	2	2	2	2	2	6	24	6	6	6	6	6	6
4180	6	6	6	6	6	6	4	4	3	3	3	3	4	4	4	37	4	4	2	37	2	2	2	2	2	2	2	19	2	2	2	2	2	77	2	12	2	77	2	2	15	4	2	2	4	16	4	21	37	77	2	2	4	4	2	37	2	2	2	15	2	2	2	2	24	2	2	2	2	2	2	2	2	2	2	2	4	4	3	3	16	16	37	16	37	37	12	37	2	12	24	24	24	24	6	24	6	6	6	6	6	6
4200	6	6	6	6	6	6	3	4	3	3	3	3	4	4	37	37	4	4	2	37	2	2	2	2	2	2	2	19	2	2	2	2	2	77	2	12	2	77	2	2	24	4	2	2	4	16	4	21	15	77	2	2	4	4	2	15	2	2	24	24	2	2	24	24	2	2	2	2	2	2	2	2	2	2	2	2	37	37	3	3	3	3	37	37	37	37	2	37	2	2	2	2	24	24	6	24	6	6	6	6	6	6
4220	6	6	6	6	6	6	3	4	3	3	3	3	4	4	37	37	4	4	2	37	2	2	2	2	2	2	2	19	2	2	2	2	12	77	3	12	12	77	2	2	2	4	2	2	16	16	4	21	53	77	2	2	3	16	24	53	24	24	2	2	12	12	2	12	2	12	2	2	2	2	2	2	2	2	2	2	37	37	3	3	3	3	15	37	2	15	2	2	2	2	2	2	2	2	6	24	6	6	6	6	6	6
4240	6	6	6	6	6	6	3	4	3	3	3	3	4	4	37	37	4	4	12	37	2	2	2	2	2	2	2	19	2	2	2	2	12	77	2	12	2	77	2	2	2	4	2	2	4	16	4	21	77	77	2	2	4	4	15	77	2	15	2	2	2	2	2	2	2	12	2	2	2	2	12	12	2	12	2	2	37	37	3	3	3	3	37	37	37	37	2	37	2	2	2	2	2	2	6	2	6	6	6	6	6	6
4260	6	6	6	6	6	6	3	4	3	3	3	3	4	4	37	37	4	4	2	37	2	2	2	2	2	2	2	19	2	2	2	2	2	77	2	12	2	77	2	2	2	4	2	2	4	16	4	21	37	77	12	2	4	4	3	37	24	12	2	2	2	2	2	2	2	2	2	2	2	2	2	2	2	2	2	2	37	37	3	3	3	3	37	37	37	37	2	37	2	2	2	2	2	2	6	24	6	6	6	6	6	6
4280	6	6	6	6	6	6	4	4	3	3	3	3	4	4	4	37	4	4	2	37	2	2	2	2	2	2	2	19	2	2	2	2	2	77	2	12	2	77	2	2	4	4	2	2	4	16	4	21	37	77	2	2	4	4	12	37	24	12	2	15	2	2	2	2	2	2	2	2	2	2	2	2	2	2	2	2	4	4	3	3	16	16	4	16	4	4	2	15	2	2	2	2	2	2	6	24	6	6	6	6	6	6
4300	6	6	6	6	6	6	16	4	3	3	3	3	4	4	37	37	4	4	2	37	2	2	2	2	2	2	2	19	2	2	24	2	2	77	2	12	2	77	2	2	2	4	2	2	16	16	4	21	37	77	2	2	3	16	15	37	2	15	2	2	2	2	2	2	2	2	2	2	2	2	2	2	2	2	2	2	37	37	3	3	3	16	37	37	37	37	2	37	24	24	24	24	24	24	6	24	6	6	6	6	6	6
4320	6	6	6	6	6	6	3	4	3	3	3	3	4	4	37	37	4	4	2	37	2	2	2	2	2	2	2	19	2	2	2	2	2	77	2	12	2	77	2	2	4	4	15	2	57	16	4	21	4	77	6	2	57	57	6	57	6	6	2	15	2	2	2	2	2	2	2	2	2	2	2	2	2	2	2	2	37	37	3	3	3	3	37	37	37	37	2	37	2	2	2	2	2	2	6	24	6	6	6	6	6	6
4340	6	6	6	6	6	6	3	4	3	3	3	3	4	4	37	37	4	4	2	37	2	2	2	2	2	2	2	19	2	2	2	2	12	77	2	12	2	77	2	2	2	4	2	2	4	16	4	21	15	77	24	2	4	4	2	15	24	24	2	2	2	2	2	2	2	12	2	2	2	2	2	2	2	2	2	2	37	37	3	3	3	3	37	37	37	37	2	37	2	2	2	2	2	2	6	24	6	6	6	6	6	6
4360	6	6	6	6	6	6	16	4	3	3	3	3	4	4	37	37	4	4	15	37	2	2	2	2	2	2	2	19	2	2	2	2	2	77	12	12	2	77	2	2	2	4	2	2	4	16	4	21	15	77	2	2	4	4	2	15	2	2	24	2	2	2	24	24	2	12	2	2	2	2	2	15	2	2	2	2	37	37	3	3	3	16	37	37	37	37	2	37	2	2	2	2	24	24	6	24	6	6	6	6	6	6
4380	6	6	6	6	6	6	3	4	3	3	3	3	4	4	37	37	4	4	2	37	2	2	2	2	2	2	2	19	2	2	2	2	2	77	2	12	2	77	2	2	4	4	15	2	4	16	4	21	87	77	2	2	4	4	53	87	24	53	2	15	2	2	2	2	2	2	2	2	2	2	2	2	2	2	2	2	37	37	3	3	3	3	37	37	37	37	2	37	2	2	2	2	2	2	6	24	6	6	6	6	6	6
4400	6	6	6	6	6	6	3	4	3	3	3	3	4	4	16	37	4	4	37	37	2	2	2	2	2	2	2	19	2	2	2	2	2	77	2	12	2	77	2	2	2	4	2	2	4	16	4	21	37	77	2	2	4	4	12	37	24	12	2	2	2	2	2	2	2	2	2	2	2	2	37	37	37	37	37	37	16	16	3	3	3	3	16	16	4	16	2	37	2	2	2	2	2	2	6	24	6	6	6	6	6	6
4420	6	6	6	6	6	6	16	4	3	3	3	3	4	4	37	37	4	4	2	37	2	2	2	2	2	2	2	19	2	2	2	2	37	77	3	12	2	77	2	2	2	4	2	2	16	16	4	21	43	77	2	2	3	16	12	43	2	12	2	2	2	2	2	2	2	37	2	2	2	2	2	2	2	2	2	2	37	37	3	3	3	16	37	37	12	37	2	12	2	2	2	2	2	2	6	2	6	6	6	6	6	6
4440	6	6	6	6	6	6	3	4	3	3	3	3	4	4	37	37	4	4	12	37	2	2	2	2	2	2	2	19	2	2	2	2	2	77	2	12	2	77	2	2	2	4	2	2	16	16	4	21	12	77	2	2	3	16	12	12	24	12	2	2	2	2	2	2	2	2	2	2	2	2	2	12	2	2	2	2	37	37	3	3	3	3	37	37	37	37	2	37	2	2	2	2	2	2	6	24	6	6	6	6	6	6
4460	6	6	6	6	6	6	4	4	3	3	3	3	4	4	3	37	4	4	2	37	2	2	2	2	2	2	2	19	2	2	2	2	15	77	2	12	2	77	2	2	4	4	2	2	4	16	4	21	37	77	6	2	4	4	2	37	24	24	2	15	2	2	2	2	2	15	2	2	2	2	2	2	2	2	2	2	3	16	3	3	16	16	16	16	3	16	2	12	2	2	2	2	2	2	6	24	6	6	6	6	6	6
4480	6	6	6	6	6	6	3	4	3	3	3	3	4	4	37	37	4	4	3	37	2	2	2	2	2	2	2	19	2	2	2	2	2	77	2	12	2	77	2	2	4	4	2	2	16	16	4	21	12	77	2	2	3	16	12	12	2	12	2	15	2	2	2	2	2	2	2	2	2	2	2	12	2	2	2	2	37	37	3	3	3	3	15	37	15	15	2	15	2	2	2	2	2	2	6	2	6	6	6	6	6	6
4500	6	6	6	6	6	6	4	4	3	3	16	3	4	4	37	37	4	4	2	37	2	2	2	2	2	2	2	19	2	2	2	2	2	77	12	12	2	77	2	2	16	4	2	2	16	16	4	21	15	77	24	2	4	16	2	15	24	24	2	37	2	2	2	2	2	12	2	2	2	2	2	2	2	2	2	2	37	37	16	16	3	16	15	37	15	15	2	15	2	2	2	2	2	2	6	24	6	6	6	6	6	6
4520	6	6	6	6	6	6	3	4	3	3	3	3	4	4	37	37	4	4	37	37	2	2	2	2	2	2	2	19	2	2	2	2	2	77	2	12	2	77	2	2	2	4	2	2	4	16	21	21	37	77	2	2	4	21	2	37	24	2	2	2	2	2	2	2	2	2	2	2	2	2	15	37	2	15	2	2	37	37	3	3	3	3	37	37	37	37	2	37	2	2	2	2	2	2	6	24	6	6	6	6	6	6
4540	6	6	6	6	6	6	3	4	3	3	3	3	4	4	37	37	4	4	12	37	2	2	2	2	2	2	2	19	2	2	2	2	2	77	12	12	2	77	2	2	2	4	2	2	4	16	4	21	15	77	2	2	4	4	2	15	24	2	2	2	2	2	2	2	2	12	2	2	2	2	2	12	2	2	2	2	37	37	3	3	3	3	37	37	37	37	2	37	2	2	2	2	2	2	6	24	6	6	6	6	6	6
4560	6	6	6	6	6	6	4	4	16	3	3	3	4	4	15	37	4	4	2	37	15	2	2	2	2	2	2	19	2	2	2	2	12	77	3	12	2	77	2	2	2	4	2	2	4	16	4	21	77	77	2	2	4	4	2	77	24	2	2	2	2	2	2	2	2	12	2	2	2	2	15	15	15	15	2	15	15	15	4	16	4	4	15	15	15	15	2	15	2	2	2	2	2	2	6	24	6	6	6	6	6	6
4580	6	6	6	6	6	6	3	4	3	3	3	3	4	4	37	37	4	4	2	37	2	2	2	2	2	2	2	19	2	2	2	2	2	77	2	12	2	77	2	2	6	4	2	2	4	16	4	21	37	77	2	2	4	4	12	37	2	12	24	24	2	2	50	24	2	2	2	2	2	2	2	2	2	2	2	2	37	37	3	3	3	3	37	37	37	37	2	37	2	2	2	2	24	50	6	24	6	6	6	6	6	6
4600	6	6	6	6	6	6	3	4	3	3	3	3	4	4	37	37	4	4	2	37	2	2	2	2	2	2	2	19	2	2	2	2	37	77	2	12	2	77	2	2	2	4	2	2	16	16	4	21	37	77	2	2	3	16	12	37	2	12	2	2	2	2	2	2	2	37	2	2	2	2	2	2	2	2	2	2	37	37	3	3	3	3	15	37	2	15	2	2	2	2	2	2	2	2	6	2	6	6	6	6	6	6
4620	6	6	6	6	6	6	3	4	3	3	3	3	4	4	37	37	4	4	2	37	2	2	2	2	2	2	2	19	2	2	2	2	2	77	2	12	2	77	2	2	2	4	2	2	4	16	4	21	56	77	2	2	4	4	24	56	24	24	2	2	2	2	2	2	2	2	2	2	2	2	2	2	2	2	2	2	37	37	3	3	3	3	37	37	37	37	2	37	2	2	2	2	2	2	6	24	6	6	6	6	6	6
4640	6	6	6	6	6	6	3	4	3	3	3	3	4	4	37	37	4	4	12	37	2	2	2	2	2	2	2	19	2	2	2	2	12	77	2	12	2	77	2	2	2	4	2	2	4	16	4	21	15	77	2	2	4	4	2	15	24	2	2	2	2	2	2	2	2	12	2	2	2	2	2	12	2	2	2	2	37	37	3	3	3	3	37	37	37	37	2	37	2	2	2	2	2	2	6	24	6	6	6	6	6	6
4660	6	6	6	6	6	6	4	4	3	3	3	3	4	4	37	37	4	4	2	37	2	2	2	2	2	2	2	19	2	2	2	2	2	77	12	12	2	77	2	2	4	4	15	2	16	16	4	21	2	77	24	2	16	16	2	37	6	24	2	15	2	2	2	2	2	12	2	2	2	2	2	2	2	2	2	2	37	37	3	3	3	16	37	37	37	37	2	37	2	2	2	2	2	2	6	24	6	6	6	6	6	6
4680	6	6	6	6	6	6	3	4	3	3	3	3	4	4	37	37	4	4	37	37	2	2	2	2	2	2	2	19	2	2	2	2	3	77	12	12	12	77	2	2	2	4	2	2	4	16	21	21	37	77	2	2	4	21	12	37	24	12	2	2	2	12	2	2	2	12	2	2	2	2	37	37	15	37	2	15	37	37	3	3	3	3	37	37	37	37	31	37	31	31	2	31	2	2	6	24	6	6	6	6	6	6
4700	6	6	6	6	6	6	3	4	3	3	3	3	4	4	37	37	4	4	2	37	2	2	2	2	2	2	2	19	2	2	2	2	2	77	2	12	2	77	2	2	2	4	2	2	4	16	4	21	37	77	2	2	4	4	12	37	2	12	2	2	2	2	24	2	2	2	2	2	2	2	2	2	2	2	2	2	37	37	3	3	3	3	37	37	37	37	2	37	2	2	2	2	24	24	6	24	6	6	6	6	6	6
4720	6	6	6	6	6	6	4	4	16	3	3	3	4	4	37	37	4	4	2	37	2	2	2	2	2	2	2	19	2	2	2	2	2	77	2	12	12	77	2	2	2	4	2	2	4	16	4	21	37	77	2	2	4	4	2	37	24	2	2	2	2	12	2	2	2	2	2	2	2	2	2	2	2	2	2	2	37	37	16	16	3	16	37	37	37	37	12	37	2	12	2	2	2	2	6	24	6	6	6	6	6	6
4740	6	6	6	6	6	6	4	4	12	3	3	3	4	4	15	37	4	4	2	37	2	2	2	2	2	2	2	19	2	2	2	2	2	77	2	12	12	77	2	2	2	4	2	2	4	16	4	21	37	77	24	2	4	4	2	37	24	24	2	2	2	12	2	2	2	2	2	2	2	2	2	2	2	2	2	2	4	15	12	12	37	37	37	37	37	37	2	37	2	2	2	2	2	2	6	24	6	6	6	6	6	6
4760	6	6	6	6	6	6	3	4	3	3	3	3	4	4	37	37	4	4	2	37	2	2	2	2	2	2	2	19	2	2	2	2	2	77	2	12	3	77	12	2	4	4	15	2	4	16	4	21	37	77	2	2	4	4	2	37	24	2	2	15	12	12	2	12	2	2	2	2	2	2	2	2	2	2	2	2	37	37	3	3	3	3	37	37	37	37	2	37	2	2	2	2	2	2	6	24	6	6	6	6	6	6
4780	6	6	6	6	6	6	3	4	3	3	3	3	4	4	37	37	4	4	37	37	2	2	2	2	2	2	2	19	2	2	2	2	2	77	2	12	2	77	2	2	2	4	2	2	4	16	4	21	15	77	2	2	4	4	2	15	2	2	2	2	2	2	2	2	2	2	2	2	2	2	2	37	2	2	2	2	37	37	3	3	3	3	37	37	37	37	2	37	2	2	2	2	24	2	6	24	6	6	6	6	6	6
4800	6	6	6	6	6	6	16	4	3	3	3	3	4	4	37	37	4	4	12	37	2	2	2	2	2	2	2	19	2	2	2	2	2	77	2	12	2	77	2	2	4	4	2	2	4	16	21	21	15	77	2	2	4	21	24	15	24	24	2	15	2	2	2	2	2	2	2	2	2	2	2	12	2	2	2	2	37	37	3	3	3	16	37	37	37	37	2	37	2	2	2	2	2	2	6	24	6	6	6	6	6	6
4820	6	6	6	6	6	6	4	4	3	3	3	3	4	4	37	37	4	4	2	37	2	2	2	2	2	2	2	19	2	2	2	2	2	77	12	12	12	77	2	2	2	4	2	2	16	16	4	21	12	77	2	2	3	16	2	12	2	2	2	2	2	12	2	2	2	12	2	2	2	2	2	2	2	2	2	2	37	37	3	3	3	16	37	37	37	37	24	37	24	24	24	24	24	24	6	24	6	6	6	6	6	6
4840	6	6	6	6	6	6	4	4	3	3	3	3	4	4	37	37	4	4	15	37	2	2	2	2	2	2	2	19	2	2	2	2	15	77	2	12	2	77	2	2	2	4	2	2	4	16	4	21	2	77	24	2	4	4	2	15	24	24	2	2	2	2	2	2	2	15	2	2	2	2	2	15	2	2	2	2	37	37	3	3	4	16	37	37	37	37	2	37	2	2	2	2	2	2	6	24	6	6	6	6	6	6
4860	6	6	6	6	6	6	4	4	16	3	3	3	4	4	37	37	4	4	15	37	2	2	2	2	2	2	2	19	2	2	2	2	37	77	2	12	2	77	2	2	2	4	2	2	4	16	4	21	37	77	2	2	4	4	2	37	24	2	2	2	2	2	2	2	2	37	2	2	2	2	2	15	2	2	2	2	37	37	16	16	3	16	37	37	37	37	2	37	2	2	2	2	2	2	6	24	6	6	6	6	6	6
4880	6	6	6	6	6	6	3	4	3	3	3	3	4	4	37	37	3	4	12	37	2	2	2	2	2	2	2	19	2	2	2	2	2	77	2	12	2	77	2	2	6	4	2	2	4	16	21	21	37	77	2	2	4	21	2	37	2	2	24	24	2	2	24	24	12	2	2	2	2	2	2	12	2	2	2	2	12	37	3	3	3	3	12	12	12	12	2	12	2	2	2	12	24	24	6	24	6	6	6	6	6	6
4900	6	6	6	6	6	6	3	4	3	3	3	3	4	4	37	37	4	4	2	37	2	2	2	2	2	2	2	19	2	2	2	2	37	77	2	12	2	77	2	2	2	4	2	2	4	16	4	21	37	77	2	2	4	4	12	37	2	12	2	2	2	2	2	2	24	37	2	2	2	2	2	2	2	2	2	2	37	37	3	3	3	3	37	37	12	37	2	12	2	2	24	24	24	24	6	24	6	6	6	6	6	6
4920	6	6	6	6	6	6	16	4	3	3	3	3	4	4	37	37	4	4	2	37	2	2	2	2	2	2	2	19	2	2	2	2	2	77	2	12	2	77	2	2	2	4	2	2	16	16	4	21	53	77	2	2	3	16	53	53	24	53	2	2	2	2	2	2	2	2	2	2	2	2	2	2	2	2	2	2	37	37	3	3	3	16	37	37	12	37	2	12	2	2	2	2	2	2	6	24	6	6	6	6	6	6
4940	6	6	6	6	6	6	3	4	3	3	3	3	4	4	37	37	4	4	2	37	2	2	2	2	2	2	2	19	2	2	2	2	3	77	12	12	2	77	2	2	2	4	24	2	4	16	4	21	15	77	2	2	4	4	2	15	2	2	24	24	2	2	24	24	12	12	2	2	2	2	2	2	2	2	2	2	37	37	3	3	3	3	37	37	37	37	2	37	2	2	2	12	24	24	6	24	6	6	6	6	6	6
4960	6	6	6	6	6	6	6	4	3	3	25	3	4	4	15	37	4	4	2	37	2	2	2	2	2	2	2	19	2	2	2	2	3	77	12	12	2	77	2	2	2	4	2	2	16	16	4	21	57	77	6	2	3	16	6	57	6	6	2	2	2	2	2	2	2	12	2	2	2	2	2	2	2	2	2	2	15	15	25	25	6	25	56	56	56	56	2	56	2	2	2	2	2	2	6	24	6	6	6	6	6	6
4980	6	6	6	6	6	6	3	4	3	3	3	3	4	4	37	37	4	4	2	37	2	2	2	2	2	2	2	19	2	2	2	2	2	77	2	12	2	77	2	2	2	4	2	2	4	16	4	21	37	77	2	2	4	4	2	37	2	2	2	2	2	2	2	2	2	2	2	2	2	2	2	2	2	2	2	2	37	37	3	3	3	3	37	37	37	37	2	37	2	2	2	2	2	2	6	2	6	6	6	6	6	6
5000	6	6	6	6	6	6	4	4	3	3	3	3	4	4	16	37	4	4	2	37	2	2	2	2	2	2	2	19	56	2	2	2	2	77	12	12	2	77	2	2	4	4	15	2	4	16	21	21	15	77	2	2	4	21	2	15	2	2	2	15	2	2	2	2	2	12	2	2	2	2	2	2	2	2	56	56	4	16	16	3	4	16	4	4	4	4	2	56	2	2	2	2	2	2	6	2	6	6	6	6	6	6
5020	6	6	6	6	6	6	3	4	3	3	3	3	4	4	37	37	4	4	15	37	2	2	2	2	2	2	2	19	2	2	2	2	2	77	2	12	2	77	2	2	2	4	2	2	16	16	4	21	12	77	2	2	3	16	2	12	2	2	24	2	2	2	24	24	2	2	2	2	2	2	2	15	2	2	2	2	37	37	3	3	3	3	37	37	37	37	2	37	2	2	2	2	24	24	6	24	6	6	6	6	6	6
5040	6	6	6	6	6	6	3	4	3	3	3	3	4	4	37	37	4	4	12	37	2	2	2	2	2	2	2	19	2	2	2	2	12	77	2	12	2	77	2	2	15	4	2	2	16	16	4	21	12	77	2	2	3	16	2	12	2	2	2	15	2	2	24	2	2	12	2	2	2	2	12	12	12	12	3	12	37	37	3	3	3	3	37	37	37	37	2	37	2	2	2	2	24	24	6	24	6	6	6	6	6	6
5060	6	6	6	6	6	6	3	4	3	3	3	3	4	4	37	37	4	4	2	37	2	2	2	2	2	2	2	19	2	2	2	2	2	77	12	12	2	77	2	2	4	4	15	2	16	16	4	21	53	77	2	2	3	16	24	53	24	24	2	15	2	2	2	2	2	12	2	2	2	2	2	2	2	2	2	2	37	37	3	3	3	3	37	37	37	37	2	37	2	2	2	2	2	2	6	24	6	6	6	6	6	6
5080	6	6	6	6	6	6	3	4	3	3	3	3	4	4	37	37	4	4	12	37	2	2	2	2	2	2	2	19	2	2	2	2	12	77	2	12	2	77	2	2	6	4	2	2	4	16	4	21	15	77	2	2	4	4	15	15	2	15	24	24	2	2	24	24	2	12	2	2	2	2	12	12	2	12	2	2	37	37	3	3	3	3	37	37	15	37	2	15	2	2	2	2	24	24	6	24	6	6	6	6	6	6
5100	6	6	6	6	6	6	3	4	3	3	3	3	4	4	37	37	4	4	2	37	2	2	2	2	2	2	2	19	2	2	2	2	2	77	2	12	2	77	2	2	2	4	2	2	4	16	4	21	84	77	2	2	4	4	24	84	6	24	2	2	2	2	2	2	2	2	2	2	2	2	2	2	2	2	2	2	37	37	3	3	3	3	37	37	37	37	2	37	2	2	2	2	2	2	6	24	6	6	6	6	6	6
5120	6	6	6	6	6	6	3	4	3	3	3	3	4	4	37	37	4	4	2	37	2	2	2	2	2	2	2	19	2	2	2	2	2	77	2	12	2	77	2	2	2	4	2	2	16	16	4	21	2	77	2	2	3	16	2	12	2	2	2	2	2	2	2	2	24	2	2	2	2	2	2	2	2	2	2	2	37	37	3	3	3	3	37	37	2	37	2	2	2	2	24	24	24	24	6	24	6	6	6	6	6	6
5140	6	6	6	6	6	6	3	4	3	3	3	3	4	4	37	37	4	4	2	37	2	2	2	2	2	2	2	19	2	2	2	2	15	77	2	12	2	77	2	2	2	4	2	2	16	16	4	21	37	77	2	2	3	16	12	37	2	12	24	2	2	2	24	24	2	15	2	2	2	2	2	2	2	2	2	2	37	37	3	3	3	3	37	37	37	37	2	37	2	2	2	2	24	24	6	24	6	6	6	6	6	6
5160	6	6	6	6	6	6	16	4	3	3	3	3	4	4	37	37	4	4	37	37	2	2	2	2	2	2	2	19	2	2	2	2	3	77	12	12	2	77	2	2	4	4	2	2	4	16	21	21	37	77	2	2	4	21	2	37	2	2	2	15	2	2	2	2	2	12	2	2	2	2	37	37	37	37	3	37	37	37	3	3	4	16	37	37	12	37	2	12	2	2	2	2	2	2	6	2	6	6	6	6	6	6
5180	6	6	6	6	6	6	4	4	3	3	16	3	4	4	4	37	4	4	2	37	2	2	2	2	2	2	2	19	2	2	2	2	2	77	2	12	2	77	2	2	2	4	2	2	4	16	4	21	15	77	2	2	4	4	2	15	2	2	2	2	2	2	2	2	2	2	2	2	2	2	2	2	2	2	2	2	3	4	37	16	37	37	37	37	37	37	2	37	2	2	2	2	2	2	6	2	6	6	6	6	6	6
5200	6	6	6	6	6	6	3	4	3	3	3	3	4	4	37	37	4	4	2	37	2	2	2	2	2	2	2	19	2	2	2	2	12	77	2	12	12	77	2	2	2	4	2	2	16	16	4	21	37	77	2	2	4	16	2	37	2	2	24	2	2	12	24	24	2	12	2	2	2	2	2	2	2	2	2	2	37	37	3	3	3	3	37	37	37	37	2	37	2	2	2	2	24	24	6	24	6	6	6	6	6	6
5220	6	6	6	6	6	6	4	4	3	3	3	3	4	4	4	37	4	4	37	37	2	2	2	2	2	2	2	19	2	2	2	2	2	77	2	12	2	77	2	2	4	4	15	2	16	16	4	21	37	77	2	2	3	16	2	37	24	2	2	15	2	2	2	2	2	2	2	2	2	2	15	37	15	15	15	15	4	4	3	3	16	16	4	16	4	4	2	15	2	2	2	2	2	2	6	24	6	6	6	6	6	6
5240	6	6	6	6	6	6	3	4	3	3	3	3	4	4	37	37	4	4	15	37	2	2	2	2	2	2	2	19	2	2	2	2	37	77	2	12	2	77	2	2	4	4	15	2	4	16	21	21	37	77	2	2	4	21	2	37	2	2	2	15	2	2	2	2	2	37	2	2	2	2	15	15	15	15	2	15	37	37	3	3	3	3	37	37	37	37	2	37	2	2	2	2	2	2	6	2	6	6	6	6	6	6
5260	6	6	6	6	6	6	3	4	3	3	3	3	4	4	37	37	4	4	2	37	2	2	2	2	2	2	2	19	2	2	2	2	2	77	24	12	2	77	2	2	4	4	9	2	16	16	4	21	12	77	2	2	3	16	2	12	2	2	2	34	2	2	2	2	24	24	2	2	2	2	2	2	2	2	2	2	37	37	3	3	3	3	37	37	37	37	2	37	2	2	24	24	24	24	6	24	6	6	6	6	6	6
5280	6	6	6	6	6	6	4	4	3	3	16	3	4	4	37	37	4	4	37	37	2	2	2	2	2	2	2	19	2	2	2	2	12	77	2	12	2	77	2	2	6	4	2	2	4	16	4	21	37	77	2	2	4	4	2	37	2	2	24	24	2	2	24	24	2	12	2	2	2	2	2	37	2	2	2	2	37	37	16	16	3	16	37	37	37	37	2	37	2	2	2	2	24	24	6	24	6	6	6	6	6	6
5300	6	6	6	6	6	6	4	4	16	3	3	3	4	4	37	37	4	4	2	37	2	2	2	2	2	2	2	19	2	2	2	2	2	77	2	12	2	77	2	2	2	4	2	2	16	16	4	21	12	77	2	2	3	16	2	12	2	2	2	2	2	2	2	2	2	2	2	2	2	2	2	2	2	2	2	2	37	37	16	16	4	16	87	37	87	87	53	87	24	53	24	24	24	24	6	24	6	6	6	6	6	6
5320	6	6	6	6	6	6	4	4	3	3	16	3	4	4	37	37	4	4	37	37	2	2	2	2	2	2	2	19	2	2	2	2	12	77	2	12	2	77	2	2	4	4	15	2	16	16	4	21	37	77	2	2	3	16	2	37	2	2	2	15	2	2	2	2	24	12	2	2	2	2	15	37	2	15	2	2	37	37	4	16	4	4	37	37	37	37	2	37	2	2	24	24	24	24	6	24	6	6	6	6	6	6
5340	6	6	6	6	6	6	3	4	3	3	3	3	4	4	37	37	4	4	2	37	2	2	2	2	2	2	2	19	2	2	2	2	12	77	2	12	2	77	2	2	2	4	2	2	4	16	4	21	56	77	2	2	4	4	56	56	24	56	2	2	2	2	2	2	2	12	2	2	2	2	2	2	2	2	2	2	37	37	3	3	3	3	37	37	37	37	2	37	2	2	2	2	2	2	6	24	6	6	6	6	6	6
5360	6	6	6	6	6	6	3	4	3	3	3	3	4	4	66	37	4	4	2	37	2	2	2	2	2	2	2	19	2	2	2	2	2	77	2	12	2	77	24	2	2	4	2	2	16	16	4	21	37	77	2	2	3	16	15	37	2	15	2	2	24	24	24	24	2	2	2	2	2	2	2	2	2	2	2	2	66	66	3	3	3	3	66	66	66	66	2	66	2	2	2	2	24	24	6	24	6	6	6	6	6	6
5380	6	6	6	6	6	6	3	4	3	3	3	3	4	4	67	37	4	4	2	37	2	2	2	2	2	2	2	19	2	2	2	2	2	77	12	12	2	77	2	2	2	4	2	2	4	16	4	21	37	77	2	2	4	4	2	37	2	2	2	2	2	2	2	2	2	12	2	2	2	2	2	2	2	2	2	2	37	67	3	3	3	3	37	37	37	37	2	37	2	2	2	2	2	2	6	2	6	6	6	6	6	6
5400	6	6	6	6	6	6	3	4	3	3	3	3	4	4	37	37	4	4	2	37	2	2	2	2	2	2	2	19	2	2	2	2	2	77	2	12	2	77	2	2	2	4	2	2	4	16	21	21	15	77	2	2	4	21	24	15	24	24	2	2	2	2	2	2	2	2	2	2	2	2	2	2	2	2	2	2	37	37	3	3	3	3	37	37	37	37	2	37	2	2	2	2	2	2	6	24	6	6	6	6	6	6
5420	6	6	6	6	6	6	3	4	3	3	3	3	4	4	37	37	4	4	12	37	2	2	2	2	2	2	2	19	2	2	2	2	37	77	2	12	2	77	2	2	2	4	2	2	4	16	4	21	37	77	2	2	4	4	12	37	2	12	2	2	2	2	24	2	2	37	2	2	2	2	12	12	12	12	3	12	37	37	3	3	3	3	37	37	37	37	2	37	2	2	2	2	24	24	6	24	6	6	6	6	6	6
